counter 71400000 628496.5 0.1
world_width 70.0
num_groups 1
birth_count 116979
species_count 11718
num_creatures 30
world_seed 239
clear_creatures
creature_start 11 14
color 255.0 0.0 0.0
phase 0.75213915
ids 11521 0 116793
carnivore true
point 25.830463 35.108288 1.0 false false false
point 26.93536 35.937927 1.0 false false false
point 26.88313 35.233257 1.0 false false false
point 27.523342 36.229984 1.0 false false false
point 27.274727 33.979984 1.0 false false false
point 26.305061 34.87234 1.0 false false false
point 27.55235 35.424232 1.0 false false true
point 25.181906 34.564278 1.0 false false false
point 27.973768 36.746655 1.0 false true false
point 25.682426 36.59577 1.0 false false false
point 24.773022 34.09208 1.0 false false false
segment 0 1 1.3153319 5.0 0.5 0.2 1.0 0.021997627 0.0
sensor -0.76604444 0.64278764 3.0 1.7 0
controller 0 1 0.0 -1
controller 1 1 0.0 -1
controller 2 2 0.11246014 -1
segment 1 2 0.75845855 5.0 0.5 0.1452783 0.3176961 0.40675622 0.0
sensor -0.76604444 0.64278764 3.0 1.9447522 0
controller 0 1 0.0 -1
controller 1 1 0.0 -1
controller 2 1 0.0 -1
segment 1 3 0.7132428 5.0 0.5 0.159084 1.0 0.7526499 1.0
sensor -0.76604444 -0.64278764 3.0 1.0712199 0
controller 0 1 0.0 -1
controller 1 1 0.0 -1
controller 2 1 0.0 -1
segment 2 4 1.2734009 5.0 0.5 0.029602682 0.3176961 0.8435274 0.0
sensor -0.76604444 0.64278764 3.0 1.0712199 0
controller 0 1 0.0 -1
controller 1 1 0.0 -1
controller 2 2 0.9160764 -1
segment 3 8 0.5373717 5.0 0.5 0.07022381 0.21067828 0.48910058 0.0
sensor -0.76604444 0.64278764 3.0 1.0712199 1
controller 0 1 0.0 -1
controller 1 1 0.0 -1
controller 2 1 0.0 -1
segment 2 5 0.72358024 5.0 0.5 0.1452783 0.49017894 0.29851788 0.0
sensor -0.76604444 -0.64278764 3.0 1.0712199 1
controller 0 1 0.0 -1
controller 1 1 0.0 -1
controller 2 1 0.0 -1
segment 4 5 1.188535 5.0 0.5 0.1452783 0.3176961 0.72197896 0.0
sensor -0.76604444 0.64278764 3.0 1.0712199 0
controller 0 1 0.0 -1
controller 1 1 0.0 -1
controller 2 1 0.0 -1
segment 4 6 1.3459255 5.0 0.5 0.1452783 0.8230698 0.2375557 0.26649863
sensor -0.76604444 -0.64278764 3.0 1.0712199 0
controller 0 1 0.0 -1
controller 1 1 0.0 -1
controller 2 1 0.0 -1
segment 5 6 1.3459255 5.0 0.5 0.1452783 0.3176961 0.72197896 0.0
sensor -0.76604444 0.64278764 3.0 1.0712199 0
controller 0 2 0.008837342 -1
controller 1 1 0.0 -1
controller 2 1 0.0 -1
segment 6 8 1.3719084 5.0 0.5 0.2 1.0 0.021997627 0.948128
sensor -0.76604444 0.64278764 3.0 1.7 0
controller 0 1 0.0 -1
controller 1 1 0.0 -1
controller 2 2 0.9160764 -1
segment 7 0 0.86728334 5.0 0.5 0.029602682 0.16867799 0.72197896 0.5247837
sensor -0.76604444 0.64278764 3.0 1.0712199 0
controller 0 1 0.0 -1
controller 1 1 0.0 -1
controller 2 1 0.0 -1
segment 0 9 1.3028014 5.0 0.5 0.2 1.0 0.021997627 0.282156
sensor -0.76604444 0.64278764 3.0 1.0712199 0
controller 0 2 0.008837342 -1
controller 1 1 0.0 -1
controller 2 1 0.0 -1
segment 1 9 1.3028014 5.0 0.5 0.2 1.0 0.021997627 0.282156
sensor -0.76604444 -0.64278764 3.0 1.0712199 0
controller 0 2 0.008837342 -1
controller 1 1 0.0 -1
controller 2 1 0.0 -1
segment 7 10 0.72358024 5.0 0.5 0.1452783 0.3176961 0.29851788 0.0
sensor -0.76604444 -0.64278764 3.0 1.0712199 1
controller 0 1 0.0 -1
controller 1 1 0.0 -1
controller 2 1 0.0 -1
creature_end
creature_start 11 14
color 255.0 0.0 0.0
phase 0.052624106
ids 11700 0 116800
carnivore true
point 39.307674 52.808197 1.0 false false false
point 40.5414 52.026173 1.0 false false false
point 39.788006 52.10551 1.0 false false false
point 41.044052 51.41634 1.0 false false false
point 38.64796 51.735104 1.0 false false false
point 39.3511 52.784653 1.0 false false false
point 39.89217 51.451477 1.0 false false true
point 38.367363 52.930008 1.0 false false false
point 41.488598 51.178635 1.0 false true false
point 40.576614 53.494305 1.0 false false false
point 37.604794 53.049576 1.0 false false false
segment 0 1 1.3153319 5.0 0.5 0.2 1.0 0.094145775 0.0
sensor -0.76604444 0.64278764 3.0 1.7 0
controller 0 1 0.0 -1
controller 1 1 0.0 -1
controller 2 2 0.11246014 -1
segment 1 2 0.75845855 5.0 0.5 0.1452783 0.3176961 0.47890434 0.0
sensor -0.76604444 0.64278764 3.0 1.9447522 0
controller 0 1 0.0 -1
controller 1 1 0.0 -1
controller 2 1 0.0 -1
segment 1 3 0.7132428 5.0 0.5 0.159084 1.0 0.82479805 1.0
sensor -0.76604444 -0.64278764 3.0 1.0712199 0
controller 0 1 0.0 -1
controller 1 1 0.0 -1
controller 2 1 0.0 -1
segment 2 4 1.2734009 5.0 0.5 0.029602682 0.3176961 0.9156755 0.0
sensor -0.76604444 0.64278764 3.0 1.0712199 0
controller 0 1 0.0 -1
controller 1 1 0.0 -1
controller 2 2 0.9160764 -1
segment 3 8 0.5373717 5.0 0.5 0.07022381 0.21067828 0.56124866 0.0
sensor -0.76604444 0.64278764 3.0 1.0712199 1
controller 0 1 0.0 -1
controller 1 1 0.0 -1
controller 2 1 0.0 -1
segment 2 5 0.72358024 5.0 0.5 0.1452783 0.49017894 0.370666 0.0
sensor -0.76604444 -0.64278764 3.0 1.0712199 1
controller 0 1 0.0 -1
controller 1 1 0.0 -1
controller 2 1 0.0 -1
segment 4 5 1.188535 5.0 0.5 0.1452783 0.3176961 0.7941271 0.783645
sensor -0.76604444 0.64278764 3.0 1.0712199 0
controller 0 1 0.0 -1
controller 1 1 0.0 -1
controller 2 1 0.0 -1
segment 4 6 1.3459255 5.0 0.5 0.1452783 0.8230698 0.30970377 0.26649863
sensor -0.76604444 -0.64278764 3.0 1.0712199 0
controller 0 1 0.0 -1
controller 1 1 0.0 -1
controller 2 1 0.0 -1
segment 5 6 1.3459255 5.0 0.5 0.1452783 0.3176961 0.7941271 0.0
sensor -0.76604444 0.64278764 3.0 1.0712199 0
controller 0 2 0.008837342 -1
controller 1 1 0.0 -1
controller 2 1 0.0 -1
segment 6 8 1.3719084 5.0 0.5 0.2 1.0 0.094145775 0.948128
sensor -0.76604444 0.64278764 3.0 1.7 0
controller 0 1 0.0 -1
controller 1 1 0.0 -1
controller 2 2 0.9160764 -1
segment 7 0 0.86728334 5.0 0.5 0.029602682 0.16867799 0.7941271 0.5247837
sensor -0.76604444 0.64278764 3.0 1.0712199 0
controller 0 1 0.0 -1
controller 1 1 0.0 -1
controller 2 1 0.0 -1
segment 0 9 1.3028014 5.0 0.5 0.2 1.0 0.094145775 0.282156
sensor -0.76604444 0.64278764 3.0 1.0712199 0
controller 0 2 0.008837342 -1
controller 1 1 0.0 -1
controller 2 1 0.0 -1
segment 1 9 1.3028014 5.0 0.5 0.2 1.0 0.094145775 0.282156
sensor -0.76604444 -0.64278764 3.0 1.0712199 0
controller 0 2 0.008837342 -1
controller 1 1 0.0 -1
controller 2 1 0.0 -1
segment 7 10 0.72358024 5.0 0.5 0.1452783 0.3176961 0.370666 0.0
sensor -0.76604444 -0.64278764 3.0 1.0712199 1
controller 0 1 0.0 -1
controller 1 1 0.0 -1
controller 2 1 0.0 -1
creature_end
creature_start 11 14
color 255.0 0.0 0.0
phase 0.9341582
ids 11521 0 116821
carnivore true
point 53.56118 8.082306 1.0 false false false
point 54.322014 9.400755 1.0 false false false
point 54.42022 8.633771 1.0 false false false
point 54.699703 10.121083 1.0 false false false
point 55.218 7.633372 1.0 false false false
point 53.94823 8.017813 1.0 false false false
point 55.084637 9.032221 1.0 false false true
point 53.110718 7.341887 1.0 false false false
point 54.72367 10.676625 1.0 false true false
point 52.75025 9.445678 1.0 false false false
point 52.841736 6.7832365 1.0 false false false
segment 0 1 1.3153319 5.0 0.5 0.2 1.0 0.059125453 0.0
sensor -0.76604444 0.64278764 3.0 1.7 0
controller 0 1 0.0 -1
controller 1 1 0.0 -1
controller 2 2 0.11246014 -1
segment 1 2 0.75845855 5.0 0.5 0.1452783 0.3176961 0.44388404 0.0
sensor -0.76604444 0.64278764 3.0 1.9447522 0
controller 0 1 0.0 -1
controller 1 1 0.0 -1
controller 2 1 0.0 -1
segment 1 3 0.7132428 5.0 0.5 0.159084 1.0 0.78977776 1.0
sensor -0.76604444 -0.64278764 3.0 1.0712199 0
controller 0 1 0.0 -1
controller 1 1 0.0 -1
controller 2 1 0.0 -1
segment 2 4 1.2734009 5.0 0.5 0.029602682 0.3176961 0.8806552 0.0
sensor -0.76604444 0.64278764 3.0 1.0712199 0
controller 0 1 0.0 -1
controller 1 1 0.0 -1
controller 2 2 0.9160764 -1
segment 3 8 0.5373717 5.0 0.5 0.07022381 0.21067828 0.5262284 0.0
sensor -0.76604444 0.64278764 3.0 1.0712199 1
controller 0 1 0.0 -1
controller 1 1 0.0 -1
controller 2 1 0.0 -1
segment 2 5 0.72358024 5.0 0.5 0.1452783 0.49017894 0.3356457 0.0
sensor -0.76604444 -0.64278764 3.0 1.0712199 1
controller 0 1 0.0 -1
controller 1 1 0.0 -1
controller 2 1 0.0 -1
segment 4 5 1.188535 5.0 0.5 0.1452783 0.3176961 0.7591068 0.0
sensor -0.76604444 0.64278764 3.0 1.0712199 0
controller 0 1 0.0 -1
controller 1 1 0.0 -1
controller 2 1 0.0 -1
segment 4 6 1.3459255 5.0 0.5 0.1452783 0.8230698 0.2746835 0.26649863
sensor -0.76604444 -0.64278764 3.0 1.0712199 0
controller 0 1 0.0 -1
controller 1 1 0.0 -1
controller 2 1 0.0 -1
segment 5 6 1.3459255 5.0 0.5 0.1452783 0.3176961 0.7591068 0.0
sensor -0.76604444 0.64278764 3.0 1.0712199 0
controller 0 2 0.008837342 -1
controller 1 1 0.0 -1
controller 2 1 0.0 -1
segment 6 8 1.3719084 5.0 0.5 0.2 1.0 0.059125453 0.948128
sensor -0.76604444 0.64278764 3.0 1.7 0
controller 0 1 0.0 -1
controller 1 1 0.0 -1
controller 2 2 0.9160764 -1
segment 7 0 0.86728334 5.0 0.5 0.029602682 0.16867799 0.7591068 0.5247837
sensor -0.76604444 0.64278764 3.0 1.0712199 0
controller 0 1 0.0 -1
controller 1 1 0.0 -1
controller 2 1 0.0 -1
segment 0 9 1.3028014 5.0 0.5 0.2 1.0 0.059125453 0.282156
sensor -0.76604444 0.64278764 3.0 1.0712199 0
controller 0 2 0.008837342 -1
controller 1 1 0.0 -1
controller 2 1 0.0 -1
segment 1 9 1.3028014 5.0 0.5 0.2 1.0 0.059125453 0.282156
sensor -0.76604444 -0.64278764 3.0 1.0712199 0
controller 0 2 0.008837342 -1
controller 1 1 0.0 -1
controller 2 1 0.0 -1
segment 7 10 0.72358024 5.0 0.5 0.1452783 0.3176961 0.3356457 0.0
sensor -0.76604444 -0.64278764 3.0 1.0712199 1
controller 0 1 0.0 -1
controller 1 1 0.0 -1
controller 2 1 0.0 -1
creature_end
creature_start 12 15
color 0.0 0.0 255.0
phase 0.03460172
ids 11699 0 116822
carnivore false
point 21.88816 16.995634 1.0 false false false
point 22.931555 16.509535 1.0 false false true
point 22.312834 16.941887 1.0 false false false
point 23.93102 15.641247 1.0 false false false
point 21.873266 16.449541 1.0 false false false
point 22.924198 16.8778 1.0 false false false
point 22.967974 15.411308 1.0 false false false
point 24.537815 15.572805 1.0 false false false
point 22.215752 16.532824 1.0 false false false
point 21.695633 16.357431 1.0 false true false
point 22.86617 15.9416485 1.0 false false false
point 21.684402 17.808311 1.0 false false false
segment 0 1 1.3153319 5.0 0.5 0.2 0.78659785 0.75659597 0.948128
sensor -0.76604444 0.64278764 3.0 1.7 0
controller 0 1 0.0 -1
controller 1 1 0.0 -1
controller 2 2 0.11246014 -1
segment 1 2 0.75845855 5.0 0.5 0.1452783 0.3176961 0.1413544 0.0
sensor -0.76604444 0.64278764 3.0 1.9447522 1
controller 0 1 0.0 -1
controller 1 1 0.0 -1
controller 2 1 0.0 -1
segment 1 3 1.2689388 5.0 0.5 0.18560265 1.0 0.17139405 1.0
sensor -0.76604444 -0.64278764 3.0 1.0712199 0
controller 0 1 0.0 -1
controller 1 1 0.0 -1
controller 2 1 0.0 -1
segment 3 7 0.5373717 5.0 0.5 0.015049028 0.21067828 0.42373604 0.41325647
sensor -0.68190664 0.73143923 3.0 1.0712199 0
controller 0 1 0.0 -1
controller 1 1 0.0 -1
controller 2 1 0.0 -1
segment 2 5 0.72358024 5.0 0.5 0.19174366 0.3176961 0.033116266 0.0
sensor -0.76604444 -0.64278764 3.0 1.0712199 0
controller 0 1 0.0 -1
controller 1 1 0.0 -1
controller 2 2 -0.6896126 -1
segment 4 5 1.188535 5.0 0.5 0.1452783 0.93876517 0.42670995 0.0
sensor -0.76604444 0.64278764 3.0 1.4757094 0
controller 0 1 0.0 -1
controller 1 1 0.0 -1
controller 2 1 0.0 -1
segment 4 0 0.625735 5.0 0.5 0.1452783 0.96957415 0.74331146 0.0
sensor -0.76604444 -0.64278764 3.0 1.0712199 0
controller 0 1 0.0 -1
controller 1 1 0.0 -1
controller 2 2 0.9160764 -1
segment 4 6 1.3459255 5.0 0.5 0.1452783 0.41698468 0.97215384 0.0
sensor -0.76604444 -0.64278764 3.0 1.0712199 0
controller 0 1 0.0 -1
controller 1 1 0.0 -1
controller 2 1 0.0 -1
segment 5 6 1.3459255 5.0 0.5 0.1452783 0.3176961 0.45657736 0.0
sensor -0.76604444 0.64278764 3.0 1.0712199 0
controller 0 2 0.008837342 -1
controller 1 1 0.0 -1
controller 2 1 0.0 -1
segment 6 7 1.3719084 5.0 0.5 0.2 0.95676523 0.75659597 0.948128
sensor -0.76604444 0.64278764 3.0 1.7 0
controller 0 1 0.0 -1
controller 1 1 0.0 -1
controller 2 1 0.0 -1
segment 8 6 1.118135 5.0 0.5 0.2 1.0 0.049967214 0.948128
sensor -0.76604444 0.64278764 3.0 1.7 0
controller 0 1 0.0 -1
controller 1 1 0.0 -1
controller 2 2 0.9160764 -1
segment 9 2 0.885269 5.0 0.5 0.1452783 0.3176961 0.033116266 0.0
sensor -0.76604444 0.64278764 3.0 1.0712199 0
controller 0 1 0.0 -1
controller 1 1 0.0 -1
controller 2 2 -0.48563504 -1
segment 9 5 1.3255641 5.0 0.5 0.041142024 0.60119987 0.033116266 0.0
sensor 0.68710977 -0.7265536 3.0 1.0712199 0
controller 0 1 0.0 -1
controller 1 1 0.0 -1
controller 2 1 0.0 -1
segment 10 6 0.72358024 5.0 0.5 0.19174366 0.3176961 0.033116266 0.0
sensor -0.76604444 -0.64278764 3.0 1.0712199 0
controller 0 1 0.0 -1
controller 1 1 0.0 -1
controller 2 1 0.0 -1
segment 11 5 1.3459255 5.0 0.5 0.1452783 0.41698468 0.97215384 0.0
sensor -0.76604444 -0.64278764 3.0 1.0712199 0
controller 0 1 0.0 -1
controller 1 1 0.0 -1
controller 2 1 0.0 -1
creature_end
creature_start 12 15
color 0.0 0.0 255.0
phase 0.026233768
ids 11666 0 116848
carnivore false
point 62.105633 7.437092 1.0 false false false
point 61.250744 6.8413057 1.0 false false true
point 61.917446 7.085943 1.0 false false false
point 60.834705 5.4566526 1.0 false false false
point 61.599735 7.707165 1.0 false false false
point 62.54882 6.908188 1.0 false false false
point 61.38264 6.237675 1.0 false false false
point 60.24894 5.125666 1.0 false false false
point 62.08806 7.3612957 1.0 false false false
point 62.491016 7.741272 1.0 false true false
point 61.699627 6.8744273 1.0 false false false
point 63.16481 8.340826 1.0 false false false
segment 0 1 1.3153319 5.0 0.5 0.2 0.78659785 0.6656473 0.948128
sensor -0.76604444 0.64278764 3.0 1.7 0
controller 0 1 0.0 -1
controller 1 1 0.0 -1
controller 2 2 0.11246014 -1
segment 1 2 0.75845855 5.0 0.5 0.1452783 0.3176961 0.05040562 0.0
sensor -0.76604444 0.64278764 3.0 1.9447522 1
controller 0 1 0.0 -1
controller 1 1 0.0 -1
controller 2 1 0.0 -1
segment 1 3 1.2689388 5.0 0.5 0.18560265 1.0 0.08044529 1.0
sensor -0.76604444 -0.64278764 3.0 1.0712199 0
controller 0 1 0.0 -1
controller 1 1 0.0 -1
controller 2 1 0.0 -1
segment 3 7 0.5373717 5.0 0.5 0.015049028 0.21067828 0.33278733 0.41325647
sensor -0.68190664 0.73143923 3.0 1.0712199 0
controller 0 1 0.0 -1
controller 1 1 0.0 -1
controller 2 1 0.0 -1
segment 2 5 0.72358024 5.0 0.5 0.19174366 0.3176961 0.9421676 0.0
sensor -0.76604444 -0.64278764 3.0 1.0712199 0
controller 0 1 0.0 -1
controller 1 1 0.0 -1
controller 2 2 -0.6896126 -1
segment 4 5 1.188535 5.0 0.5 0.1452783 0.93876517 0.36562866 0.0
sensor -0.76604444 0.64278764 3.0 1.4757094 0
controller 0 1 0.0 -1
controller 1 1 0.0 -1
controller 2 1 0.0 -1
segment 4 0 0.625735 5.0 0.5 0.1452783 0.96957415 0.6523628 0.0
sensor -0.76604444 -0.64278764 3.0 1.0712199 0
controller 0 1 0.0 -1
controller 1 1 0.0 -1
controller 2 2 0.9160764 -1
segment 4 6 1.3459255 5.0 0.5 0.1452783 0.41698468 0.88120526 0.0
sensor -0.76604444 -0.64278764 3.0 1.0712199 0
controller 0 1 0.0 -1
controller 1 1 0.0 -1
controller 2 1 0.0 -1
segment 5 6 1.3459255 5.0 0.5 0.1452783 0.3176961 0.36562866 0.0
sensor -0.76604444 0.64278764 3.0 1.0712199 0
controller 0 2 0.008837342 -1
controller 1 1 0.0 -1
controller 2 1 0.0 -1
segment 6 7 1.3719084 5.0 0.5 0.2 0.95676523 0.6656473 0.948128
sensor -0.76604444 0.64278764 3.0 1.7 0
controller 0 1 0.0 -1
controller 1 1 0.0 -1
controller 2 1 0.0 -1
segment 8 6 1.118135 5.0 0.5 0.2 1.0 0.9590185 0.948128
sensor -0.76604444 0.64278764 3.0 1.7 0
controller 0 1 0.0 -1
controller 1 1 0.0 -1
controller 2 2 0.9160764 -1
segment 9 2 0.885269 5.0 0.5 0.1452783 0.3176961 0.9421676 0.0
sensor -0.76604444 0.64278764 3.0 1.0712199 0
controller 0 1 0.0 -1
controller 1 1 0.0 -1
controller 2 2 -0.48563504 -1
segment 9 5 0.885269 5.0 0.5 0.041142024 0.60119987 0.9421676 0.0
sensor 0.68710977 -0.7265536 3.0 1.0712199 0
controller 0 1 0.0 -1
controller 1 1 0.0 -1
controller 2 1 0.0 -1
segment 10 6 0.72358024 5.0 0.5 0.19174366 0.3176961 0.9421676 0.0
sensor -0.76604444 -0.64278764 3.0 1.0712199 0
controller 0 1 0.0 -1
controller 1 1 0.0 -1
controller 2 1 0.0 -1
segment 11 5 1.3459255 5.0 0.5 0.1452783 0.41698468 0.88120526 0.0
sensor -0.76604444 -0.64278764 3.0 1.0712199 0
controller 0 1 0.0 -1
controller 1 1 0.0 -1
controller 2 1 0.0 -1
creature_end
creature_start 11 14
color 255.0 0.0 0.0
phase 0.87428063
ids 11521 0 116855
carnivore true
point 17.551306 50.26386 1.0 false false false
point 18.937054 49.65558 1.0 false false false
point 18.214865 49.44797 1.0 false false false
point 19.660738 49.312744 1.0 false false false
point 17.263441 48.565018 1.0 false false false
point 17.58633 49.857483 1.0 false false false
point 18.73261 48.87515 1.0 false false true
point 16.813097 50.615795 1.0 false false false
point 20.279455 49.390068 1.0 false true false
point 18.861774 51.216785 1.0 false false false
point 16.24074 50.81065 1.0 false false false
segment 0 1 1.3153319 5.0 0.5 0.2 1.0 0.056121524 0.0
sensor -0.76604444 0.64278764 3.0 1.7 0
controller 0 1 0.0 -1
controller 1 1 0.0 -1
controller 2 2 0.11246014 -1
segment 1 2 0.75845855 5.0 0.5 0.1452783 0.3176961 0.4408801 0.0
sensor -0.76604444 0.64278764 3.0 1.9447522 0
controller 0 1 0.0 -1
controller 1 1 0.0 -1
controller 2 1 0.0 -1
segment 1 3 0.7132428 5.0 0.5 0.159084 1.0 0.7867738 1.0
sensor -0.76604444 -0.64278764 3.0 1.0712199 0
controller 0 1 0.0 -1
controller 1 1 0.0 -1
controller 2 1 0.0 -1
segment 2 4 1.2734009 5.0 0.5 0.029602682 0.3176961 0.8776513 0.0
sensor -0.76604444 0.64278764 3.0 1.0712199 0
controller 0 1 0.0 -1
controller 1 1 0.0 -1
controller 2 2 0.9160764 -1
segment 3 8 0.5373717 5.0 0.5 0.07022381 0.21067828 0.5232245 0.0
sensor -0.76604444 0.64278764 3.0 1.0712199 1
controller 0 1 0.0 -1
controller 1 1 0.0 -1
controller 2 1 0.0 -1
segment 2 5 0.72358024 5.0 0.5 0.1452783 0.49017894 0.33264175 0.0
sensor -0.76604444 -0.64278764 3.0 1.0712199 1
controller 0 1 0.0 -1
controller 1 1 0.0 -1
controller 2 1 0.0 -1
segment 4 5 1.188535 5.0 0.5 0.1452783 0.3176961 0.75610286 0.0
sensor -0.76604444 0.64278764 3.0 1.0712199 0
controller 0 1 0.0 -1
controller 1 1 0.0 -1
controller 2 1 0.0 -1
segment 4 6 1.3459255 5.0 0.5 0.1452783 0.8230698 0.27167955 0.26649863
sensor -0.76604444 -0.64278764 3.0 1.0712199 0
controller 0 1 0.0 -1
controller 1 1 0.0 -1
controller 2 1 0.0 -1
segment 5 6 1.3459255 5.0 0.5 0.1452783 0.3176961 0.75610286 0.0
sensor -0.76604444 0.64278764 3.0 1.0712199 0
controller 0 2 0.008837342 -1
controller 1 1 0.0 -1
controller 2 1 0.0 -1
segment 6 8 1.3719084 5.0 0.5 0.2 1.0 0.056121524 0.948128
sensor -0.76604444 0.64278764 3.0 1.7 0
controller 0 1 0.0 -1
controller 1 1 0.0 -1
controller 2 2 0.9160764 -1
segment 7 0 0.86728334 5.0 0.5 0.029602682 0.16867799 0.75610286 0.5247837
sensor -0.76604444 0.64278764 3.0 1.0712199 0
controller 0 1 0.0 -1
controller 1 1 0.0 -1
controller 2 1 0.0 -1
segment 0 9 1.3028014 5.0 0.5 0.2 1.0 0.056121524 0.282156
sensor -0.76604444 0.64278764 3.0 1.0712199 0
controller 0 2 0.008837342 -1
controller 1 1 0.0 -1
controller 2 1 0.0 -1
segment 1 9 1.3028014 5.0 0.5 0.2 1.0 0.056121524 0.282156
sensor -0.76604444 -0.64278764 3.0 1.0712199 0
controller 0 2 0.008837342 -1
controller 1 1 0.0 -1
controller 2 1 0.0 -1
segment 7 10 0.72358024 5.0 0.5 0.1452783 0.3176961 0.33264175 0.0
sensor -0.76604444 -0.64278764 3.0 1.0712199 1
controller 0 1 0.0 -1
controller 1 1 0.0 -1
controller 2 1 0.0 -1
creature_end
creature_start 12 15
color 0.0 0.0 255.0
phase 0.3441558
ids 11696 0 116864
carnivore false
point 59.12301 12.711685 1.0 false false false
point 57.851475 13.500065 1.0 false false true
point 58.622547 13.19031 1.0 false false false
point 56.9131 13.8790865 1.0 false false false
point 58.88259 13.3956 1.0 false false false
point 58.54442 12.426528 1.0 false false false
point 57.62522 13.559988 1.0 false false false
point 56.66986 14.294611 1.0 false false false
point 58.37986 13.165314 1.0 false false false
point 59.40425 12.726876 1.0 false true false
point 58.330536 13.132012 1.0 false false false
point 59.453686 11.627386 1.0 false false false
segment 0 1 1.3153319 5.0 0.5 0.2 0.78659785 0.8052436 0.948128
sensor -0.76604444 0.64278764 3.0 1.7 0
controller 0 1 0.0 -1
controller 1 1 0.0 -1
controller 2 2 0.11246014 -1
segment 1 2 0.75845855 5.0 0.5 0.1452783 0.3176961 0.19000207 0.0
sensor -0.76604444 0.64278764 3.0 1.9447522 1
controller 0 1 0.0 -1
controller 1 1 0.0 -1
controller 2 1 0.0 -1
segment 1 3 1.2689388 5.0 0.5 0.18560265 1.0 0.22004174 1.0
sensor -0.76604444 -0.64278764 3.0 1.0712199 0
controller 0 1 0.0 -1
controller 1 1 0.0 -1
controller 2 1 0.0 -1
segment 3 7 0.5373717 5.0 0.5 0.015049028 0.21067828 0.47238374 0.41325647
sensor -0.68190664 0.73143923 3.0 1.0712199 0
controller 0 1 0.0 -1
controller 1 1 0.0 -1
controller 2 1 0.0 -1
segment 2 5 0.72358024 5.0 0.5 0.19174366 0.3176961 0.08176398 0.0
sensor -0.76604444 -0.64278764 3.0 1.0712199 0
controller 0 1 0.0 -1
controller 1 1 0.0 -1
controller 2 2 -0.6896126 -1
segment 4 5 1.188535 5.0 0.5 0.1452783 0.93876517 0.47535762 0.0
sensor -0.76604444 0.64278764 3.0 1.4757094 0
controller 0 1 0.0 -1
controller 1 1 0.0 -1
controller 2 1 0.0 -1
segment 4 0 0.625735 5.0 0.5 0.1452783 0.96957415 0.7919591 0.0
sensor -0.76604444 -0.64278764 3.0 1.0712199 0
controller 0 1 0.0 -1
controller 1 1 0.0 -1
controller 2 2 0.9160764 -1
segment 4 6 1.3459255 5.0 0.5 0.1452783 0.41698468 0.020801544 0.0
sensor -0.76604444 -0.64278764 3.0 1.0712199 0
controller 0 1 0.0 -1
controller 1 1 0.0 -1
controller 2 1 0.0 -1
segment 5 6 1.3459255 5.0 0.5 0.1452783 0.3176961 0.505225 0.0
sensor -0.76604444 0.64278764 3.0 1.0712199 0
controller 0 2 0.008837342 -1
controller 1 1 0.0 -1
controller 2 1 0.0 -1
segment 6 7 1.3719084 5.0 0.5 0.2 0.95676523 0.8052436 0.948128
sensor -0.76604444 0.64278764 3.0 1.7 0
controller 0 1 0.0 -1
controller 1 1 0.0 -1
controller 2 1 0.0 -1
segment 8 6 1.118135 5.0 0.5 0.2 1.0 0.098614976 0.948128
sensor -0.76604444 0.64278764 3.0 1.7 0
controller 0 1 0.0 -1
controller 1 1 0.0 -1
controller 2 2 0.9160764 -1
segment 9 2 0.885269 5.0 0.5 0.1452783 0.3176961 0.08176398 0.0
sensor -0.76604444 0.64278764 3.0 1.0712199 0
controller 0 1 0.0 -1
controller 1 1 0.0 -1
controller 2 2 -0.48563504 -1
segment 9 5 0.885269 5.0 0.5 0.041142024 0.60119987 0.08176398 0.0
sensor 0.68710977 -0.7265536 3.0 1.0712199 0
controller 0 1 0.0 -1
controller 1 1 0.0 -1
controller 2 1 0.0 -1
segment 10 6 0.72358024 5.0 0.5 0.19174366 0.3176961 0.08176398 0.0
sensor -0.76604444 -0.64278764 3.0 1.0712199 0
controller 0 1 0.0 -1
controller 1 1 0.0 -1
controller 2 1 0.0 -1
segment 11 5 1.3459255 5.0 0.5 0.1452783 0.41698468 0.020801544 0.0
sensor -0.76604444 -0.64278764 3.0 1.0712199 0
controller 0 1 0.0 -1
controller 1 1 0.0 -1
controller 2 1 0.0 -1
creature_end
creature_start 12 14
color 0.0 0.0 255.0
phase 0.08596362
ids 11673 0 116900
carnivore false
point 24.231045 20.034681 1.0 false false false
point 24.091227 18.580685 1.0 false false true
point 24.309137 19.39798 1.0 false false false
point 23.5033 17.733564 1.0 false false false
point 24.003338 19.448326 1.0 false false false
point 25.024279 19.731 1.0 false false false
point 23.320143 18.469103 1.0 false false false
point 23.974964 17.501335 1.0 false false false
point 23.325672 19.334587 1.0 false false false
point 24.28428 20.290682 1.0 false true false
point 22.859728 18.98093 1.0 false false false
point 25.467329 20.83631 1.0 false false false
segment 0 1 1.3153319 5.0 0.5 0.2 0.78659785 0.052143812 0.948128
sensor -0.76604444 0.64278764 3.0 1.7 0
controller 0 1 0.0 -1
controller 1 1 0.0 -1
controller 2 2 0.11246014 -1
segment 1 2 0.75845855 5.0 0.5 0.1452783 0.3176961 0.43690223 0.0
sensor -0.76604444 0.64278764 3.0 1.9447522 1
controller 0 1 0.0 -1
controller 1 1 0.0 -1
controller 2 1 0.0 -1
segment 1 3 1.2689388 5.0 0.5 0.18560265 1.0 0.4669419 1.0
sensor -0.76604444 -0.64278764 3.0 1.0712199 0
controller 0 1 0.0 -1
controller 1 1 0.0 -1
controller 2 1 0.0 -1
segment 3 7 0.5373717 5.0 0.5 0.015049028 0.21067828 0.7192839 0.41325647
sensor -0.68190664 0.73143923 3.0 1.0712199 0
controller 0 1 0.0 -1
controller 1 1 0.0 -1
controller 2 1 0.0 -1
segment 2 5 0.72358024 5.0 0.5 0.19174366 0.3176961 0.32866412 0.0
sensor -0.76604444 -0.64278764 3.0 1.0712199 0
controller 0 1 0.0 -1
controller 1 1 0.0 -1
controller 2 2 -0.6896126 -1
segment 4 5 1.188535 5.0 0.5 0.1452783 0.93876517 0.7521252 0.0
sensor -0.76604444 0.64278764 3.0 1.4757094 0
controller 0 1 0.0 -1
controller 1 1 0.0 -1
controller 2 1 0.0 -1
segment 4 0 0.625735 5.0 0.5 0.1452783 0.96957415 0.038859367 0.0
sensor -0.76604444 -0.64278764 3.0 1.0712199 0
controller 0 1 0.0 -1
controller 1 1 0.0 -1
controller 2 2 0.9160764 -1
segment 4 6 1.3459255 5.0 0.5 0.1452783 0.41698468 0.26770177 0.0
sensor -0.76604444 -0.64278764 3.0 1.0712199 0
controller 0 1 0.0 -1
controller 1 1 0.0 -1
controller 2 1 0.0 -1
segment 6 7 1.3719084 5.0 0.5 0.2 0.95676523 0.052143812 0.948128
sensor -0.76604444 0.64278764 3.0 1.7 0
controller 0 1 0.0 -1
controller 1 1 0.0 -1
controller 2 1 0.0 -1
segment 8 6 1.118135 5.0 0.5 0.2 1.0 0.34551507 0.948128
sensor -0.76604444 0.64278764 3.0 1.7 0
controller 0 1 0.0 -1
controller 1 1 0.0 -1
controller 2 2 0.9160764 -1
segment 9 2 0.885269 5.0 0.5 0.1452783 0.3176961 0.32866412 0.0
sensor -0.76604444 0.64278764 3.0 1.0712199 0
controller 0 1 0.0 -1
controller 1 1 0.0 -1
controller 2 2 -0.48563504 -1
segment 9 5 0.885269 5.0 0.5 0.041142024 0.60119987 0.32866412 0.0
sensor 0.68710977 -0.7265536 3.0 1.0712199 0
controller 0 1 0.0 -1
controller 1 1 0.0 -1
controller 2 1 0.0 -1
segment 10 6 0.72358024 5.0 0.5 0.19174366 0.3176961 0.32866412 0.0
sensor -0.76604444 -0.64278764 3.0 1.0712199 0
controller 0 1 0.0 -1
controller 1 1 0.0 -1
controller 2 1 0.0 -1
segment 11 5 1.3459255 5.0 0.5 0.1452783 0.41698468 0.26770177 0.0
sensor -0.76604444 -0.64278764 3.0 1.0712199 0
controller 0 1 0.0 -1
controller 1 1 0.0 -1
controller 2 1 0.0 -1
creature_end
creature_start 11 15
color 0.0 0.0 255.0
phase 0.29077548
ids 11711 0 116902
carnivore false
point 28.97008 22.18804 1.0 false false false
point 30.311693 21.628275 1.0 false false true
point 29.686152 22.113152 1.0 false false false
point 31.103302 20.952045 1.0 false false false
point 29.129768 21.6737 1.0 false false false
point 29.56198 22.74974 1.0 false false false
point 30.432333 21.376476 1.0 false false false
point 31.353888 20.475998 1.0 false false false
point 28.879942 22.070309 1.0 false true false
point 29.876608 21.729961 1.0 false false false
point 29.501493 21.470398 1.0 false false false
segment 0 1 1.3153319 5.0 0.5 0.2 0.78659785 0.7394829 0.948128
sensor -0.76604444 0.64278764 3.0 1.7 0
controller 0 1 0.0 -1
controller 1 1 0.0 -1
controller 2 2 0.11246014 -1
segment 1 2 0.75845855 5.0 0.5 0.1452783 0.3176961 0.124241315 0.0
sensor -0.76604444 0.64278764 3.0 1.9447522 1
controller 0 1 0.0 -1
controller 1 1 0.0 -1
controller 2 1 0.0 -1
segment 1 3 1.2689388 5.0 0.5 0.18560265 1.0 0.15428099 1.0
sensor -0.76604444 -0.64278764 3.0 1.0712199 0
controller 0 1 0.0 -1
controller 1 1 0.0 -1
controller 2 1 0.0 -1
segment 3 7 0.5373717 5.0 0.5 0.015049028 0.21067828 0.40662298 0.41325647
sensor -0.68190664 0.73143923 3.0 1.0712199 0
controller 0 1 0.0 -1
controller 1 1 0.0 -1
controller 2 1 0.0 -1
segment 2 5 0.72358024 5.0 0.5 0.19174366 0.3176961 0.016003229 0.0
sensor -0.76604444 -0.64278764 3.0 1.0712199 0
controller 0 1 0.0 -1
controller 1 1 0.0 -1
controller 2 2 -0.6896126 -1
segment 4 5 1.4079372 5.0 0.5 0.1452783 0.93876517 0.40959686 0.0
sensor -0.76604444 0.64278764 3.0 1.4757094 0
controller 0 1 0.0 -1
controller 1 1 0.0 -1
controller 2 1 0.0 -1
segment 4 0 0.625735 5.0 0.5 0.1452783 0.96957415 0.7261984 0.0
sensor -0.76604444 -0.64278764 3.0 1.0712199 0
controller 0 1 0.0 -1
controller 1 1 0.0 -1
controller 2 2 0.9160764 -1
segment 4 6 1.3459255 5.0 0.5 0.1452783 0.41698468 0.9550408 0.0
sensor -0.76604444 -0.64278764 3.0 1.0712199 0
controller 0 1 0.0 -1
controller 1 1 0.0 -1
controller 2 1 0.0 -1
segment 5 6 1.3459255 5.0 0.5 0.1452783 0.3176961 0.43946424 0.0
sensor -0.76604444 0.64278764 3.0 1.0712199 0
controller 0 2 0.008837342 -1
controller 1 1 0.0 -1
controller 2 1 0.0 -1
segment 6 7 1.3719084 5.0 0.5 0.2 0.95676523 0.7394829 0.948128
sensor -0.76604444 0.64278764 3.0 1.7 0
controller 0 1 0.0 -1
controller 1 1 0.0 -1
controller 2 1 0.0 -1
segment 10 6 1.118135 5.0 0.5 0.2 1.0 0.03285422 0.948128
sensor -0.76604444 0.64278764 3.0 1.7 0
controller 0 1 0.0 -1
controller 1 1 0.0 -1
controller 2 2 0.9160764 -1
segment 8 2 0.885269 5.0 0.5 0.1452783 0.3176961 0.016003229 0.0
sensor -0.76604444 0.64278764 3.0 1.0712199 0
controller 0 1 0.0 -1
controller 1 1 0.0 -1
controller 2 2 -0.48563504 -1
segment 8 5 0.885269 5.0 0.5 0.041142024 0.60119987 0.016003229 0.0
sensor 0.68710977 -0.7265536 3.0 1.0712199 0
controller 0 1 0.0 -1
controller 1 1 0.0 -1
controller 2 1 0.0 -1
segment 9 6 0.72358024 5.0 0.5 0.19174366 0.3176961 0.016003229 0.0
sensor -0.76604444 -0.64278764 3.0 1.0712199 0
controller 0 1 0.0 -1
controller 1 1 0.0 -1
controller 2 1 0.0 -1
segment 10 5 1.3459255 5.0 0.5 0.1452783 0.41698468 0.9550408 0.0
sensor -0.76604444 -0.64278764 3.0 1.0712199 0
controller 0 1 0.0 -1
controller 1 1 0.0 -1
controller 2 1 0.0 -1
creature_end
creature_start 10 13
color 255.0 0.0 0.0
phase 0.6710212
ids 11712 0 116903
carnivore true
point 43.6603 38.203007 1.0 false false false
point 42.72364 37.238903 1.0 false false false
point 42.776928 37.865482 1.0 false false false
point 42.18073 37.192257 1.0 false false false
point 43.293644 36.683594 1.0 false false false
point 42.314846 37.3925 1.0 false false false
point 43.35488 38.2259 1.0 false false true
point 44.12746 38.872047 1.0 false false false
point 42.71037 37.25307 1.0 false true false
point 43.9406 36.904827 1.0 false false false
segment 0 1 1.3153319 5.0 0.5 0.2 1.0 0.039571412 0.0
sensor -0.76604444 0.64278764 3.0 1.7 0
controller 0 1 0.0 -1
controller 1 1 0.0 -1
controller 2 2 0.11246014 -1
segment 1 2 0.75845855 5.0 0.5 0.1452783 0.3176961 0.42433 0.0
sensor -0.76604444 0.64278764 3.0 1.9447522 0
controller 0 1 0.0 -1
controller 1 1 0.0 -1
controller 2 1 0.0 -1
segment 1 3 0.7132428 5.0 0.5 0.159084 1.0 0.7702237 1.0
sensor -0.76604444 -0.64278764 3.0 1.0712199 0
controller 0 1 0.0 -1
controller 1 1 0.0 -1
controller 2 1 0.0 -1
segment 2 4 1.2734009 5.0 0.5 0.029602682 0.3176961 0.86110115 0.0
sensor -0.76604444 0.64278764 3.0 1.0712199 0
controller 0 1 0.0 -1
controller 1 1 0.0 -1
controller 2 2 0.9160764 -1
segment 3 8 0.5373717 5.0 0.5 0.07022381 0.21067828 0.50667435 0.0
sensor -0.76604444 0.64278764 3.0 1.0712199 1
controller 0 1 0.0 -1
controller 1 1 0.0 -1
controller 2 1 0.0 -1
segment 2 5 0.72358024 5.0 0.5 0.1452783 0.49017894 0.31609166 0.0
sensor -0.76604444 -0.64278764 3.0 1.0712199 1
controller 0 1 0.0 -1
controller 1 1 0.0 -1
controller 2 1 0.0 -1
segment 4 5 1.188535 5.0 0.5 0.1452783 0.3176961 0.73955274 0.0
sensor -0.76604444 0.64278764 3.0 1.0712199 0
controller 0 1 0.0 -1
controller 1 1 0.0 -1
controller 2 1 0.0 -1
segment 4 6 1.3459255 5.0 0.5 0.1452783 0.8230698 0.2551295 0.26649863
sensor -0.76604444 -0.64278764 3.5798442 1.0712199 0
controller 0 1 0.0 -1
controller 1 1 0.0 -1
controller 2 1 0.0 -1
segment 5 6 1.3459255 5.0 0.5 0.1452783 0.3176961 0.7675738 0.0
sensor -0.76604444 0.64278764 3.0 1.0712199 0
controller 0 2 0.008837342 -1
controller 1 1 0.0 -1
controller 2 1 0.0 -1
segment 6 8 1.3719084 5.0 0.5 0.2 0.3320462 0.039571412 0.948128
sensor -0.76604444 0.64278764 3.0 1.7 0
controller 0 1 0.0 -1
controller 1 1 0.0 -1
controller 2 2 0.9160764 -1
segment 7 0 0.86728334 5.0 0.5 0.029602682 0.16867799 0.73955274 0.5247837
sensor -0.76604444 0.64278764 3.0 1.0712199 0
controller 0 1 0.0 -1
controller 1 1 0.0 -1
controller 2 1 0.0 -1
segment 0 9 1.3028014 5.0 0.5 0.2 1.0 0.039571412 0.282156
sensor -0.76604444 0.64278764 3.0 1.0712199 0
controller 0 2 0.008837342 -1
controller 1 1 0.0 -1
controller 2 1 0.0 -1
segment 1 9 1.3028014 5.0 0.5 0.2 1.0 0.017573787 0.282156
sensor -0.76604444 -0.64278764 3.0 1.0712199 0
controller 0 2 0.008837342 -1
controller 1 1 0.0 -1
controller 2 1 0.0 -1
creature_end
creature_start 11 14
color 255.0 0.0 0.0
phase 0.78507054
ids 11521 0 116904
carnivore true
point 40.680687 44.83807 1.0 false false false
point 41.917217 45.699688 1.0 false false false
point 41.724167 44.97651 1.0 false false false
point 42.592365 46.12817 1.0 false false false
point 41.97754 43.703674 1.0 false false false
point 41.04781 44.659073 1.0 false false false
point 42.484116 45.1186 1.0 false false true
point 39.99198 44.401203 1.0 false false false
point 42.855667 46.70671 1.0 false true false
point 40.55211 46.455837 1.0 false false false
point 39.527718 44.01613 1.0 false false false
segment 0 1 1.3153319 5.0 0.5 0.2 1.0 0.14196981 0.0
sensor -0.76604444 0.64278764 3.0 1.7 0
controller 0 1 0.0 -1
controller 1 1 0.0 -1
controller 2 2 0.11246014 -1
segment 1 2 0.75845855 5.0 0.5 0.1452783 0.3176961 0.5267284 0.0
sensor -0.76604444 0.64278764 3.0 1.9447522 0
controller 0 1 0.0 -1
controller 1 1 0.0 -1
controller 2 1 0.0 -1
segment 1 3 0.7132428 5.0 0.5 0.159084 1.0 0.8726221 1.0
sensor -0.76604444 -0.64278764 3.0 1.0712199 0
controller 0 1 0.0 -1
controller 1 1 0.0 -1
controller 2 1 0.0 -1
segment 2 4 1.2734009 5.0 0.5 0.029602682 0.3176961 0.96349955 0.0
sensor -0.76604444 0.64278764 3.0 1.0712199 0
controller 0 1 0.0 -1
controller 1 1 0.0 -1
controller 2 2 0.9160764 -1
segment 3 8 0.5373717 5.0 0.5 0.07022381 0.21067828 0.60907274 0.0
sensor -0.76604444 0.64278764 3.0 1.0712199 1
controller 0 1 0.0 -1
controller 1 1 0.0 -1
controller 2 1 0.0 -1
segment 2 5 0.72358024 5.0 0.5 0.1452783 0.49017894 0.41849008 0.0
sensor -0.76604444 -0.64278764 3.0 1.0712199 1
controller 0 1 0.0 -1
controller 1 1 0.0 -1
controller 2 1 0.0 -1
segment 4 5 1.188535 5.0 0.5 0.1452783 0.3176961 0.84195113 0.0
sensor -0.76604444 0.64278764 3.0 1.0712199 0
controller 0 1 0.0 -1
controller 1 1 0.0 -1
controller 2 1 0.0 -1
segment 4 6 1.3459255 5.0 0.5 0.1452783 0.8230698 0.35752788 0.26649863
sensor -0.76604444 -0.64278764 3.0 1.0712199 0
controller 0 1 0.0 -1
controller 1 1 0.0 -1
controller 2 1 0.0 -1
segment 5 6 1.3459255 5.0 0.5 0.1452783 0.3176961 0.84195113 0.0
sensor -0.76604444 0.64278764 3.0 1.0712199 0
controller 0 2 0.008837342 -1
controller 1 1 0.0 -1
controller 2 1 0.0 -1
segment 6 8 1.3719084 5.0 0.5 0.2 1.0 0.14196981 0.948128
sensor -0.76604444 0.64278764 3.0 1.7 0
controller 0 1 0.0 -1
controller 1 1 0.0 -1
controller 2 2 0.9160764 -1
segment 7 0 0.86728334 5.0 0.5 0.029602682 0.16867799 0.84195113 0.5247837
sensor -0.76604444 0.64278764 3.0 1.0712199 0
controller 0 1 0.0 -1
controller 1 1 0.0 -1
controller 2 1 0.0 -1
segment 0 9 1.3028014 5.0 0.5 0.2 1.0 0.14196981 0.282156
sensor -0.76604444 0.64278764 3.0 1.0712199 0
controller 0 2 0.008837342 -1
controller 1 1 0.0 -1
controller 2 1 0.0 -1
segment 1 9 1.3028014 5.0 0.5 0.2 1.0 0.14196981 0.282156
sensor -0.76604444 -0.64278764 3.0 1.0712199 0
controller 0 2 0.008837342 -1
controller 1 1 0.0 -1
controller 2 1 0.0 -1
segment 7 10 0.72358024 5.0 0.5 0.1452783 0.3176961 0.41849008 0.0
sensor -0.76604444 -0.64278764 3.0 1.0712199 1
controller 0 1 0.0 -1
controller 1 1 0.0 -1
controller 2 1 0.0 -1
creature_end
creature_start 12 15
color 0.0 0.0 255.0
phase 0.9947614
ids 11699 0 116913
carnivore false
point 16.137398 39.25814 1.0 false false false
point 16.67176 38.38411 1.0 false false true
point 16.278217 39.02115 1.0 false false false
point 17.192266 36.993046 1.0 false false false
point 15.692997 38.864147 1.0 false false false
point 16.819927 39.412342 1.0 false false false
point 16.969397 38.07108 1.0 false false false
point 17.741879 36.622696 1.0 false false false
point 16.25116 39.19265 1.0 false false false
point 15.543768 39.51771 1.0 false true false
point 16.534685 38.659706 1.0 false false false
point 15.522108 40.27447 1.0 false false false
segment 0 1 1.3153319 5.0 0.5 0.2 0.78659785 0.6839733 0.948128
sensor -0.76604444 0.64278764 3.0 1.7 0
controller 0 1 0.0 -1
controller 1 1 0.0 -1
controller 2 2 0.11246014 -1
segment 1 2 0.75845855 5.0 0.5 0.1452783 0.3176961 0.06873172 0.0
sensor -0.76604444 0.64278764 3.0 1.9447522 1
controller 0 1 0.0 -1
controller 1 1 0.0 -1
controller 2 1 0.0 -1
segment 1 3 1.2689388 5.0 0.5 0.18560265 1.0 0.09877137 1.0
sensor -0.76604444 -0.64278764 3.0 1.0712199 0
controller 0 1 0.0 -1
controller 1 1 0.0 -1
controller 2 1 0.0 -1
segment 3 7 0.5373717 5.0 0.5 0.015049028 0.21067828 0.35111335 0.41325647
sensor -0.68190664 0.73143923 3.0 1.0712199 0
controller 0 1 0.0 -1
controller 1 1 0.0 -1
controller 2 1 0.0 -1
segment 2 5 0.72358024 5.0 0.5 0.19174366 0.3176961 0.96049356 0.0
sensor -0.76604444 -0.64278764 3.0 1.0712199 0
controller 0 1 0.0 -1
controller 1 1 0.0 -1
controller 2 2 -0.6896126 -1
segment 4 5 1.188535 5.0 0.5 0.1452783 0.93876517 0.35408726 0.0
sensor -0.76604444 0.64278764 3.0 1.4757094 0
controller 0 1 0.0 -1
controller 1 1 0.0 -1
controller 2 1 0.0 -1
segment 4 0 0.625735 5.0 0.5 0.1452783 0.96957415 0.6706888 0.0
sensor -0.76604444 -0.64278764 3.0 1.0712199 0
controller 0 1 0.0 -1
controller 1 1 0.0 -1
controller 2 2 0.9160764 -1
segment 4 6 1.3459255 5.0 0.5 0.1452783 0.41698468 0.8995312 0.0
sensor -0.76604444 -0.64278764 3.0 1.0712199 0
controller 0 1 0.0 -1
controller 1 1 0.0 -1
controller 2 1 0.0 -1
segment 5 6 1.3459255 5.0 0.5 0.1452783 0.3176961 0.38395467 0.0
sensor -0.76604444 0.64278764 3.0 1.0712199 0
controller 0 2 0.008837342 -1
controller 1 1 0.0 -1
controller 2 1 0.0 -1
segment 6 7 1.3719084 5.0 0.5 0.2 0.95676523 0.6839733 0.948128
sensor -0.76604444 0.64278764 3.0 1.7 0
controller 0 1 0.0 -1
controller 1 1 0.0 -1
controller 2 1 0.0 -1
segment 8 6 1.118135 5.0 0.5 0.2 1.0 0.9773445 0.948128
sensor -0.76604444 0.64278764 3.0 1.7 0
controller 0 1 0.0 -1
controller 1 1 0.0 -1
controller 2 2 0.9160764 -1
segment 9 2 0.885269 5.0 0.5 0.1452783 0.3176961 0.96049356 0.0
sensor -0.76604444 0.64278764 3.0 1.0712199 0
controller 0 1 0.0 -1
controller 1 1 0.0 -1
controller 2 2 -0.48563504 -1
segment 9 5 1.3255641 5.0 0.5 0.041142024 0.60119987 0.96049356 0.0
sensor 0.68710977 -0.7265536 3.0 1.0712199 0
controller 0 1 0.0 -1
controller 1 1 0.0 -1
controller 2 1 0.0 -1
segment 10 6 0.72358024 5.0 0.5 0.19174366 0.3176961 0.96049356 0.0
sensor -0.76604444 -0.64278764 3.0 1.0712199 0
controller 0 1 0.0 -1
controller 1 1 0.0 -1
controller 2 1 0.0 -1
segment 11 5 1.3459255 5.0 0.5 0.1452783 0.41698468 0.8995312 0.0
sensor -0.76604444 -0.64278764 3.0 1.0712199 0
controller 0 1 0.0 -1
controller 1 1 0.0 -1
controller 2 1 0.0 -1
creature_end
creature_start 12 15
color 0.0 0.0 255.0
phase 0.32820317
ids 11696 0 116933
carnivore false
point 17.788988 29.217218 1.0 false false false
point 17.822824 27.662125 1.0 false false true
point 18.142185 28.45871 1.0 false false false
point 16.771856 27.368328 1.0 false false false
point 17.918938 28.627909 1.0 false false false
point 18.735258 27.948397 1.0 false false false
point 17.286766 27.683075 1.0 false false false
point 16.324785 27.130598 1.0 false false false
point 18.09482 27.980938 1.0 false false false
point 18.982014 28.849434 1.0 false true false
point 17.82778 28.269499 1.0 false false false
point 19.494785 28.894312 1.0 false false false
segment 0 1 1.3153319 5.0 0.5 0.2 0.78659785 0.86373323 0.948128
sensor -0.76604444 0.64278764 3.0 1.7 0
controller 0 1 0.0 -1
controller 1 1 0.0 -1
controller 2 2 0.11246014 -1
segment 1 2 0.75845855 5.0 0.5 0.1452783 0.3176961 0.24849164 0.0
sensor -0.76604444 0.64278764 3.0 1.9447522 1
controller 0 1 0.0 -1
controller 1 1 0.0 -1
controller 2 1 0.0 -1
segment 1 3 1.2689388 5.0 0.5 0.18560265 1.0 0.2785313 1.0
sensor -0.76604444 -0.64278764 3.0 1.0712199 0
controller 0 1 0.0 -1
controller 1 1 0.0 -1
controller 2 1 0.0 -1
segment 3 7 0.5373717 5.0 0.5 0.015049028 0.21067828 0.5308733 0.41325647
sensor -0.68190664 0.73143923 3.0 1.0712199 0
controller 0 1 0.0 -1
controller 1 1 0.0 -1
controller 2 1 0.0 -1
segment 2 5 0.72358024 5.0 0.5 0.19174366 0.3176961 0.1402536 0.0
sensor -0.76604444 -0.64278764 3.0 1.0712199 0
controller 0 1 0.0 -1
controller 1 1 0.0 -1
controller 2 2 -0.6896126 -1
segment 4 5 1.188535 5.0 0.5 0.1452783 0.93876517 0.53384715 0.0
sensor -0.76604444 0.64278764 3.0 1.4757094 0
controller 0 1 0.0 -1
controller 1 1 0.0 -1
controller 2 1 0.0 -1
segment 4 0 0.625735 5.0 0.5 0.1452783 0.96957415 0.8504487 0.0
sensor -0.76604444 -0.64278764 3.0 1.0712199 0
controller 0 1 0.0 -1
controller 1 1 0.0 -1
controller 2 2 0.9160764 -1
segment 4 6 1.3459255 5.0 0.5 0.1452783 0.41698468 0.07929111 0.0
sensor -0.76604444 -0.64278764 3.0 1.0712199 0
controller 0 1 0.0 -1
controller 1 1 0.0 -1
controller 2 1 0.0 -1
segment 5 6 1.3459255 5.0 0.5 0.1452783 0.3176961 0.56371456 0.0
sensor -0.76604444 0.64278764 3.0 1.0712199 0
controller 0 2 0.008837342 -1
controller 1 1 0.0 -1
controller 2 1 0.0 -1
segment 6 7 1.3719084 5.0 0.5 0.2 0.95676523 0.86373323 0.948128
sensor -0.76604444 0.64278764 3.0 1.7 0
controller 0 1 0.0 -1
controller 1 1 0.0 -1
controller 2 1 0.0 -1
segment 8 6 1.118135 5.0 0.5 0.2 1.0 0.15710455 0.948128
sensor -0.76604444 0.64278764 3.0 1.7 0
controller 0 1 0.0 -1
controller 1 1 0.0 -1
controller 2 2 0.9160764 -1
segment 9 2 0.885269 5.0 0.5 0.1452783 0.3176961 0.1402536 0.0
sensor -0.76604444 0.64278764 3.0 1.0712199 0
controller 0 1 0.0 -1
controller 1 1 0.0 -1
controller 2 2 -0.48563504 -1
segment 9 5 0.885269 5.0 0.5 0.041142024 0.60119987 0.1402536 0.0
sensor 0.68710977 -0.7265536 3.0 1.0712199 0
controller 0 1 0.0 -1
controller 1 1 0.0 -1
controller 2 1 0.0 -1
segment 10 6 0.72358024 5.0 0.5 0.19174366 0.3176961 0.1402536 0.0
sensor -0.76604444 -0.64278764 3.0 1.0712199 0
controller 0 1 0.0 -1
controller 1 1 0.0 -1
controller 2 1 0.0 -1
segment 11 5 1.3459255 5.0 0.5 0.1452783 0.41698468 0.07929111 0.0
sensor -0.76604444 -0.64278764 3.0 1.0712199 0
controller 0 1 0.0 -1
controller 1 1 0.0 -1
controller 2 1 0.0 -1
creature_end
creature_start 12 15
color 0.0 0.0 255.0
phase 0.058668546
ids 11699 0 116935
carnivore false
point 62.831997 11.278595 1.0 false false false
point 62.786415 10.199743 1.0 false false true
point 62.81916 10.9183035 1.0 false false false
point 62.965015 8.781063 1.0 false false false
point 62.28804 11.399513 1.0 false false false
point 63.455418 11.078056 1.0 false false false
point 62.655533 9.922507 1.0 false false false
point 62.57941 8.305879 1.0 false false false
point 62.91222 11.250893 1.0 false false false
point 62.29692 11.599291 1.0 false true false
point 62.778797 10.533967 1.0 false false false
point 63.185497 12.637784 1.0 false false false
segment 0 1 1.3153319 5.0 0.5 0.2 0.78659785 0.6651874 0.948128
sensor -0.76604444 0.64278764 3.0 1.7 0
controller 0 1 0.0 -1
controller 1 1 0.0 -1
controller 2 2 0.11246014 -1
segment 1 2 0.75845855 5.0 0.5 0.1452783 0.3176961 0.04994583 0.0
sensor -0.76604444 0.64278764 3.0 1.9447522 1
controller 0 1 0.0 -1
controller 1 1 0.0 -1
controller 2 1 0.0 -1
segment 1 3 1.2689388 5.0 0.5 0.18560265 1.0 0.079985484 1.0
sensor -0.76604444 -0.64278764 3.0 1.0712199 0
controller 0 1 0.0 -1
controller 1 1 0.0 -1
controller 2 1 0.0 -1
segment 3 7 0.5373717 5.0 0.5 0.015049028 0.21067828 0.33232749 0.41325647
sensor -0.68190664 0.73143923 3.0 1.0712199 0
controller 0 1 0.0 -1
controller 1 1 0.0 -1
controller 2 1 0.0 -1
segment 2 5 0.72358024 5.0 0.5 0.19174366 0.3176961 0.94170773 0.0
sensor -0.76604444 -0.64278764 3.0 1.0712199 0
controller 0 1 0.0 -1
controller 1 1 0.0 -1
controller 2 2 -0.6896126 -1
segment 4 5 1.188535 5.0 0.5 0.1452783 0.93876517 0.3353014 0.0
sensor -0.76604444 0.64278764 3.0 1.4757094 0
controller 0 1 0.0 -1
controller 1 1 0.0 -1
controller 2 1 0.0 -1
segment 4 0 0.625735 5.0 0.5 0.1452783 0.96957415 0.6519029 0.0
sensor -0.76604444 -0.64278764 3.0 1.0712199 0
controller 0 1 0.0 -1
controller 1 1 0.0 -1
controller 2 2 0.9160764 -1
segment 4 6 1.3459255 5.0 0.5 0.1452783 0.41698468 0.8807453 0.0
sensor -0.76604444 -0.64278764 3.0 1.0712199 0
controller 0 1 0.0 -1
controller 1 1 0.0 -1
controller 2 1 0.0 -1
segment 5 6 1.3459255 5.0 0.5 0.1452783 0.3176961 0.3651688 0.0
sensor -0.76604444 0.64278764 3.0 1.0712199 0
controller 0 2 0.008837342 -1
controller 1 1 0.0 -1
controller 2 1 0.0 -1
segment 6 7 1.3719084 5.0 0.5 0.2 0.95676523 0.6651874 0.948128
sensor -0.76604444 0.64278764 3.0 1.7 0
controller 0 1 0.0 -1
controller 1 1 0.0 -1
controller 2 1 0.0 -1
segment 8 6 1.118135 5.0 0.5 0.2 1.0 0.9585587 0.948128
sensor -0.76604444 0.64278764 3.0 1.7 0
controller 0 1 0.0 -1
controller 1 1 0.0 -1
controller 2 2 0.9160764 -1
segment 9 2 0.885269 5.0 0.5 0.1452783 0.3176961 0.94170773 0.0
sensor -0.76604444 0.64278764 3.0 1.0712199 0
controller 0 1 0.0 -1
controller 1 1 0.0 -1
controller 2 2 -0.48563504 -1
segment 9 5 1.3255641 5.0 0.5 0.041142024 0.60119987 0.94170773 0.0
sensor 0.68710977 -0.7265536 3.0 1.0712199 0
controller 0 1 0.0 -1
controller 1 1 0.0 -1
controller 2 1 0.0 -1
segment 10 6 0.72358024 5.0 0.5 0.19174366 0.3176961 0.94170773 0.0
sensor -0.76604444 -0.64278764 3.0 1.0712199 0
controller 0 1 0.0 -1
controller 1 1 0.0 -1
controller 2 1 0.0 -1
segment 11 5 1.3459255 5.0 0.5 0.1452783 0.41698468 0.8807453 0.0
sensor -0.76604444 -0.64278764 3.0 1.0712199 0
controller 0 1 0.0 -1
controller 1 1 0.0 -1
controller 2 1 0.0 -1
creature_end
creature_start 12 15
color 0.0 0.0 255.0
phase 0.16396019
ids 11707 0 116940
carnivore false
point 27.771866 27.791393 1.0 false false false
point 26.878845 27.040056 1.0 false false true
point 27.488354 27.46713 1.0 false false false
point 25.913332 26.142824 1.0 false false false
point 27.226715 27.909168 1.0 false false false
point 28.00157 27.14385 1.0 false false false
point 26.54941 26.946327 1.0 false false false
point 25.319788 25.99914 1.0 false false false
point 27.702837 27.657696 1.0 false false false
point 28.133926 27.983858 1.0 false true false
point 26.966797 27.287804 1.0 false false false
point 29.116537 28.221315 1.0 false false false
segment 0 1 1.3153319 5.0 0.5 0.2 0.78659785 0.661996 0.948128
sensor -0.76604444 0.64278764 3.0 1.7 0
controller 0 1 0.0 -1
controller 1 1 0.0 -1
controller 2 2 0.11246014 -1
segment 1 2 0.75845855 5.0 0.5 0.1452783 0.3176961 0.04675441 0.0
sensor -0.76604444 0.64278764 3.0 1.9447522 1
controller 0 1 0.0 -1
controller 1 1 0.0 -1
controller 2 1 0.0 -1
segment 1 3 1.2689388 5.0 0.5 0.18560265 1.0 0.07679408 1.0
sensor -0.76604444 -0.64278764 3.0 1.0712199 0
controller 0 1 0.0 -1
controller 1 1 0.0 -1
controller 2 1 0.0 -1
segment 3 7 0.5373717 5.0 0.5 0.015049028 0.21067828 0.32913604 0.41325647
sensor -0.68190664 0.73143923 3.0 1.0712199 0
controller 0 1 0.0 -1
controller 1 1 0.0 -1
controller 2 1 0.0 -1
segment 2 5 0.72358024 5.0 0.5 0.19174366 0.3176961 0.9385164 0.0
sensor -0.76604444 -0.64278764 3.0 1.0712199 0
controller 0 1 0.0 -1
controller 1 1 0.0 -1
controller 2 2 -0.6896126 -1
segment 4 5 1.188535 5.0 0.5 0.1452783 0.93876517 0.33210996 0.0
sensor -0.76604444 0.64278764 3.0 1.4757094 0
controller 0 1 0.0 -1
controller 1 1 0.0 -1
controller 2 1 0.0 -1
segment 4 0 0.625735 5.0 0.5 0.1452783 0.96957415 0.6487115 0.0
sensor -0.76604444 -0.64278764 3.0 1.0712199 0
controller 0 1 0.0 -1
controller 1 1 0.0 -1
controller 2 2 0.9160764 -1
segment 4 6 1.3459255 5.0 0.5 0.1452783 0.61282235 0.8775539 0.0
sensor -0.76604444 -0.64278764 3.0 1.0712199 0
controller 0 1 0.0 -1
controller 1 1 0.0 -1
controller 2 1 0.0 -1
segment 5 6 1.3459255 5.0 0.5 0.1452783 0.3176961 0.36197737 0.0
sensor -0.76604444 0.64278764 3.0 1.0712199 0
controller 0 2 0.008837342 -1
controller 1 1 0.0 -1
controller 2 1 0.0 -1
segment 6 7 1.3719084 5.0 0.5 0.2 0.95676523 0.661996 0.948128
sensor -0.76604444 0.64278764 3.0 1.7 0
controller 0 1 0.0 -1
controller 1 1 0.0 -1
controller 2 1 0.0 -1
segment 8 6 1.118135 5.0 0.5 0.2 1.0 0.9553673 0.948128
sensor -0.76604444 0.64278764 3.0 1.7 0
controller 0 1 0.0 -1
controller 1 1 0.0 -1
controller 2 2 0.9160764 -1
segment 9 2 0.885269 5.0 0.5 0.1452783 0.3176961 0.9385164 0.0
sensor -0.76604444 0.64278764 3.0 1.0712199 0
controller 0 1 0.0 -1
controller 1 1 0.0 -1
controller 2 2 -0.48563504 -1
segment 9 5 0.885269 5.0 0.5 0.041142024 0.60119987 0.9385164 0.0
sensor 0.68710977 -0.7265536 3.0 1.0712199 0
controller 0 2 -0.053310156 -1
controller 1 1 0.0 -1
controller 2 1 0.0 -1
segment 10 6 0.72358024 5.0 0.5 0.19174366 0.3176961 0.9385164 0.0
sensor -0.76604444 -0.64278764 3.0 1.0712199 0
controller 0 1 0.0 -1
controller 1 1 0.0 -1
controller 2 1 0.0 -1
segment 11 5 1.3459255 5.0 0.5 0.1452783 0.41698468 0.8775539 0.0
sensor -0.76604444 -0.64278764 3.0 1.0712199 0
controller 0 2 -0.053310156 -1
controller 1 1 0.0 -1
controller 2 1 0.0 -1
creature_end
creature_start 12 15
color 0.0 0.0 255.0
phase 0.29085088
ids 11696 0 116945
carnivore false
point 0.12818426 46.752354 1.0 false false false
point -1.3995427 46.806656 1.0 false false true
point -0.7770628 46.33103 1.0 false false false
point -2.4035828 46.8142 1.0 false false false
point -0.5032684 47.17729 1.0 false false false
point -0.06866055 46.23888 1.0 false false false
point -1.508348 46.528976 1.0 false false false
point -2.7239733 46.491444 1.0 false false false
point -0.6896869 46.425632 1.0 false false false
point -0.32106322 47.137466 1.0 false true false
point -0.8802148 46.006306 1.0 false false false
point 1.1305995 46.137398 1.0 false false false
segment 0 1 1.3153319 5.0 0.5 0.2 0.78659785 0.875491 0.948128
sensor -0.76604444 0.64278764 3.0 1.7 0
controller 0 1 0.0 -1
controller 1 1 0.0 -1
controller 2 2 0.11246014 -1
segment 1 2 0.75845855 5.0 0.5 0.1452783 0.3176961 0.2602495 0.0
sensor -0.76604444 0.64278764 3.0 1.9447522 1
controller 0 1 0.0 -1
controller 1 1 0.0 -1
controller 2 1 0.0 -1
segment 1 3 1.2689388 5.0 0.5 0.18560265 1.0 0.29028916 1.0
sensor -0.76604444 -0.64278764 3.0 1.0712199 0
controller 0 1 0.0 -1
controller 1 1 0.0 -1
controller 2 1 0.0 -1
segment 3 7 0.5373717 5.0 0.5 0.015049028 0.21067828 0.54263115 0.41325647
sensor -0.68190664 0.73143923 3.0 1.0712199 0
controller 0 1 0.0 -1
controller 1 1 0.0 -1
controller 2 1 0.0 -1
segment 2 5 0.72358024 5.0 0.5 0.19174366 0.3176961 0.15201141 0.0
sensor -0.76604444 -0.64278764 3.0 1.0712199 0
controller 0 1 0.0 -1
controller 1 1 0.0 -1
controller 2 2 -0.6896126 -1
segment 4 5 1.188535 5.0 0.5 0.1452783 0.93876517 0.54560506 0.0
sensor -0.76604444 0.64278764 3.0 1.4757094 0
controller 0 1 0.0 -1
controller 1 1 0.0 -1
controller 2 1 0.0 -1
segment 4 0 0.625735 5.0 0.5 0.1452783 0.96957415 0.8622065 0.0
sensor -0.76604444 -0.64278764 3.0 1.0712199 0
controller 0 1 0.0 -1
controller 1 1 0.0 -1
controller 2 2 0.9160764 -1
segment 4 6 1.3459255 5.0 0.5 0.1452783 0.41698468 0.09104897 0.0
sensor -0.76604444 -0.64278764 3.0 1.0712199 0
controller 0 1 0.0 -1
controller 1 1 0.0 -1
controller 2 1 0.0 -1
segment 5 6 1.3459255 5.0 0.5 0.1452783 0.3176961 0.5754724 0.0
sensor -0.76604444 0.64278764 3.0 1.0712199 0
controller 0 2 0.008837342 -1
controller 1 1 0.0 -1
controller 2 1 0.0 -1
segment 6 7 1.3719084 5.0 0.5 0.2 0.95676523 0.875491 0.948128
sensor -0.76604444 0.64278764 3.0 1.7 0
controller 0 1 0.0 -1
controller 1 1 0.0 -1
controller 2 1 0.0 -1
segment 8 6 1.118135 5.0 0.5 0.2 1.0 0.1688624 0.948128
sensor -0.76604444 0.64278764 3.0 1.7 0
controller 0 1 0.0 -1
controller 1 1 0.0 -1
controller 2 2 0.9160764 -1
segment 9 2 0.885269 5.0 0.5 0.1452783 0.3176961 0.15201141 0.0
sensor -0.76604444 0.64278764 3.0 1.0712199 0
controller 0 1 0.0 -1
controller 1 1 0.0 -1
controller 2 2 -0.48563504 -1
segment 9 5 0.885269 5.0 0.5 0.041142024 0.60119987 0.15201141 0.0
sensor 0.68710977 -0.7265536 3.0 1.0712199 0
controller 0 1 0.0 -1
controller 1 1 0.0 -1
controller 2 1 0.0 -1
segment 10 6 0.72358024 5.0 0.5 0.19174366 0.3176961 0.15201141 0.0
sensor -0.76604444 -0.64278764 3.0 1.0712199 0
controller 0 1 0.0 -1
controller 1 1 0.0 -1
controller 2 1 0.0 -1
segment 11 5 1.3459255 5.0 0.5 0.1452783 0.41698468 0.09104897 0.0
sensor -0.76604444 -0.64278764 3.0 1.0712199 0
controller 0 1 0.0 -1
controller 1 1 0.0 -1
controller 2 1 0.0 -1
creature_end
creature_start 12 15
color 0.0 0.0 255.0
phase 0.32383788
ids 11696 0 116947
carnivore false
point 57.0211 47.767906 1.0 false false false
point 58.471535 48.035683 1.0 false false true
point 57.720444 48.221428 1.0 false false false
point 59.48905 48.096455 1.0 false false false
point 57.404316 47.34197 1.0 false false false
point 57.06148 48.265553 1.0 false false false
point 58.605556 48.08606 1.0 false false false
point 59.91106 48.393406 1.0 false false false
point 57.65285 48.19138 1.0 false false false
point 57.49966 47.441612 1.0 false true false
point 58.02756 48.438866 1.0 false false false
point 55.76593 47.94922 1.0 false false false
segment 0 1 1.3153319 5.0 0.5 0.2 0.78659785 0.71237946 0.948128
sensor -0.76604444 0.64278764 3.0 1.7 0
controller 0 1 0.0 -1
controller 1 1 0.0 -1
controller 2 2 0.11246014 -1
segment 1 2 0.75845855 5.0 0.5 0.1452783 0.3176961 0.09713787 0.0
sensor -0.76604444 0.64278764 3.0 1.9447522 1
controller 0 1 0.0 -1
controller 1 1 0.0 -1
controller 2 1 0.0 -1
segment 1 3 1.2689388 5.0 0.5 0.18560265 1.0 0.12717754 1.0
sensor -0.76604444 -0.64278764 3.0 1.0712199 0
controller 0 1 0.0 -1
controller 1 1 0.0 -1
controller 2 1 0.0 -1
segment 3 7 0.5373717 5.0 0.5 0.015049028 0.21067828 0.37951952 0.41325647
sensor -0.68190664 0.73143923 3.0 1.0712199 0
controller 0 1 0.0 -1
controller 1 1 0.0 -1
controller 2 1 0.0 -1
segment 2 5 0.72358024 5.0 0.5 0.19174366 0.3176961 0.98889977 0.0
sensor -0.76604444 -0.64278764 3.0 1.0712199 0
controller 0 1 0.0 -1
controller 1 1 0.0 -1
controller 2 2 -0.6896126 -1
segment 4 5 1.188535 5.0 0.5 0.1452783 0.93876517 0.3824934 0.0
sensor -0.76604444 0.64278764 3.0 1.4757094 0
controller 0 1 0.0 -1
controller 1 1 0.0 -1
controller 2 1 0.0 -1
segment 4 0 0.625735 5.0 0.5 0.1452783 0.96957415 0.69909495 0.0
sensor -0.76604444 -0.64278764 3.0 1.0712199 0
controller 0 1 0.0 -1
controller 1 1 0.0 -1
controller 2 2 0.9160764 -1
segment 4 6 1.3459255 5.0 0.5 0.1452783 0.41698468 0.9279374 0.0
sensor -0.76604444 -0.64278764 3.0 1.0712199 0
controller 0 1 0.0 -1
controller 1 1 0.0 -1
controller 2 1 0.0 -1
segment 5 6 1.3459255 5.0 0.5 0.1452783 0.3176961 0.4123608 0.0
sensor -0.76604444 0.64278764 3.0 1.0712199 0
controller 0 2 0.008837342 -1
controller 1 1 0.0 -1
controller 2 1 0.0 -1
segment 6 7 1.3719084 5.0 0.5 0.2 0.95676523 0.71237946 0.948128
sensor -0.76604444 0.64278764 3.0 1.7 0
controller 0 1 0.0 -1
controller 1 1 0.0 -1
controller 2 1 0.0 -1
segment 8 6 1.118135 5.0 0.5 0.2 1.0 0.0057507735 0.948128
sensor -0.76604444 0.64278764 3.0 1.7 0
controller 0 1 0.0 -1
controller 1 1 0.0 -1
controller 2 2 0.9160764 -1
segment 9 2 0.885269 5.0 0.5 0.1452783 0.3176961 0.98889977 0.0
sensor -0.76604444 0.64278764 3.0 1.0712199 0
controller 0 1 0.0 -1
controller 1 1 0.0 -1
controller 2 2 -0.48563504 -1
segment 9 5 0.885269 5.0 0.5 0.041142024 0.60119987 0.98889977 0.0
sensor 0.68710977 -0.7265536 3.0 1.0712199 0
controller 0 1 0.0 -1
controller 1 1 0.0 -1
controller 2 1 0.0 -1
segment 10 6 0.72358024 5.0 0.5 0.19174366 0.3176961 0.98889977 0.0
sensor -0.76604444 -0.64278764 3.0 1.0712199 0
controller 0 1 0.0 -1
controller 1 1 0.0 -1
controller 2 1 0.0 -1
segment 11 5 1.3459255 5.0 0.5 0.1452783 0.41698468 0.9279374 0.0
sensor -0.76604444 -0.64278764 3.0 1.0712199 0
controller 0 1 0.0 -1
controller 1 1 0.0 -1
controller 2 1 0.0 -1
creature_end
creature_start 12 14
color 0.0 0.0 255.0
phase 0.27232856
ids 11673 0 116949
carnivore false
point 51.882355 40.671757 1.0 false false false
point 53.344532 40.859512 1.0 false false true
point 52.66523 40.382946 1.0 false false false
point 53.792908 42.081455 1.0 false false false
point 52.300354 41.293247 1.0 false false false
point 51.865883 40.07832 1.0 false false false
point 53.490753 41.28238 1.0 false false false
point 54.3703 42.075523 1.0 false false false
point 52.721348 40.731384 1.0 false false false
point 52.420563 39.41421 1.0 false true false
point 52.763485 40.910904 1.0 false false false
point 51.18264 39.17043 1.0 false false false
segment 0 1 1.3153319 5.0 0.5 0.2 0.78659785 0.072760224 0.948128
sensor -0.76604444 0.64278764 3.0 1.7 0
controller 0 1 0.0 -1
controller 1 1 0.0 -1
controller 2 2 0.11246014 -1
segment 1 2 0.75845855 5.0 0.5 0.1452783 0.3176961 0.4575186 0.0
sensor -0.76604444 0.64278764 3.0 1.9447522 1
controller 0 1 0.0 -1
controller 1 1 0.0 -1
controller 2 1 0.0 -1
segment 1 3 1.2689388 5.0 0.5 0.18560265 1.0 0.48755828 1.0
sensor -0.76604444 -0.64278764 3.0 1.0712199 0
controller 0 1 0.0 -1
controller 1 1 0.0 -1
controller 2 1 0.0 -1
segment 3 7 0.5373717 5.0 0.5 0.015049028 0.21067828 0.73990023 0.41325647
sensor -0.68190664 0.73143923 3.0 1.0712199 0
controller 0 1 0.0 -1
controller 1 1 0.0 -1
controller 2 1 0.0 -1
segment 2 5 0.72358024 5.0 0.5 0.19174366 0.3176961 0.3492805 0.0
sensor -0.76604444 -0.64278764 3.0 1.0712199 0
controller 0 1 0.0 -1
controller 1 1 0.0 -1
controller 2 2 -0.6896126 -1
segment 4 5 1.188535 5.0 0.5 0.1452783 0.93876517 0.77274156 0.0
sensor -0.76604444 0.64278764 3.0 1.4757094 0
controller 0 1 0.0 -1
controller 1 1 0.0 -1
controller 2 1 0.0 -1
segment 4 0 0.625735 5.0 0.5 0.1452783 0.96957415 0.05947578 0.0
sensor -0.76604444 -0.64278764 3.0 1.0712199 0
controller 0 1 0.0 -1
controller 1 1 0.0 -1
controller 2 2 0.9160764 -1
segment 4 6 1.3459255 5.0 0.5 0.1452783 0.41698468 0.28831816 0.0
sensor -0.76604444 -0.64278764 3.0 1.0712199 0
controller 0 1 0.0 -1
controller 1 1 0.0 -1
controller 2 1 0.0 -1
segment 6 7 1.3719084 5.0 0.5 0.2 0.95676523 0.072760224 0.948128
sensor -0.76604444 0.64278764 3.0 1.7 0
controller 0 1 0.0 -1
controller 1 1 0.0 -1
controller 2 1 0.0 -1
segment 8 6 1.118135 5.0 0.5 0.2 1.0 0.36613145 0.948128
sensor -0.76604444 0.64278764 3.0 1.7 0
controller 0 1 0.0 -1
controller 1 1 0.0 -1
controller 2 2 0.9160764 -1
segment 9 2 0.885269 5.0 0.5 0.1452783 0.3176961 0.3492805 0.0
sensor -0.76604444 0.64278764 3.0 1.0712199 0
controller 0 1 0.0 -1
controller 1 1 0.0 -1
controller 2 2 -0.48563504 -1
segment 9 5 0.885269 5.0 0.5 0.041142024 0.60119987 0.3492805 0.0
sensor 0.68710977 -0.7265536 3.0 1.0712199 0
controller 0 1 0.0 -1
controller 1 1 0.0 -1
controller 2 1 0.0 -1
segment 10 6 0.72358024 5.0 0.5 0.19174366 0.3176961 0.3492805 0.0
sensor -0.76604444 -0.64278764 3.0 1.0712199 0
controller 0 1 0.0 -1
controller 1 1 0.0 -1
controller 2 1 0.0 -1
segment 11 5 1.3459255 5.0 0.5 0.1452783 0.41698468 0.28831816 0.0
sensor -0.76604444 -0.64278764 3.0 1.0712199 0
controller 0 1 0.0 -1
controller 1 1 0.0 -1
controller 2 1 0.0 -1
creature_end
creature_start 12 15
color 0.0 0.0 255.0
phase 0.24875022
ids 11696 0 116950
carnivore false
point 65.40418 50.172108 1.0 false false false
point 64.38375 51.25776 1.0 false false true
point 64.93508 50.653645 1.0 false false false
point 63.659527 51.9765 1.0 false false false
point 65.37504 50.77975 1.0 false false false
point 64.818054 49.95871 1.0 false false false
point 64.19347 51.362553 1.0 false false false
point 63.43773 52.440594 1.0 false false false
point 64.777695 50.676117 1.0 false false false
point 65.69751 50.23765 1.0 false true false
point 64.78688 50.87308 1.0 false false false
point 65.59636 48.940536 1.0 false false false
segment 0 1 1.3153319 5.0 0.5 0.2 0.78659785 0.8277608 0.948128
sensor -0.76604444 0.64278764 3.0 1.7 0
controller 0 1 0.0 -1
controller 1 1 0.0 -1
controller 2 2 0.11246014 -1
segment 1 2 0.75845855 5.0 0.5 0.1452783 0.3176961 0.21251923 0.0
sensor -0.76604444 0.64278764 3.0 1.9447522 1
controller 0 1 0.0 -1
controller 1 1 0.0 -1
controller 2 1 0.0 -1
segment 1 3 1.2689388 5.0 0.5 0.18560265 1.0 0.2425589 1.0
sensor -0.76604444 -0.64278764 3.0 1.0712199 0
controller 0 1 0.0 -1
controller 1 1 0.0 -1
controller 2 1 0.0 -1
segment 3 7 0.5373717 5.0 0.5 0.015049028 0.21067828 0.49490088 0.41325647
sensor -0.68190664 0.73143923 3.0 1.0712199 0
controller 0 1 0.0 -1
controller 1 1 0.0 -1
controller 2 1 0.0 -1
segment 2 5 0.72358024 5.0 0.5 0.19174366 0.3176961 0.10428119 0.0
sensor -0.76604444 -0.64278764 3.0 1.0712199 0
controller 0 1 0.0 -1
controller 1 1 0.0 -1
controller 2 2 -0.6896126 -1
segment 4 5 1.188535 5.0 0.5 0.1452783 0.93876517 0.49787474 0.0
sensor -0.76604444 0.64278764 3.0 1.4757094 0
controller 0 1 0.0 -1
controller 1 1 0.0 -1
controller 2 1 0.0 -1
segment 4 0 0.625735 5.0 0.5 0.1452783 0.96957415 0.8144763 0.0
sensor -0.76604444 -0.64278764 3.0 1.0712199 0
controller 0 1 0.0 -1
controller 1 1 0.0 -1
controller 2 2 0.9160764 -1
segment 4 6 1.3459255 5.0 0.5 0.1452783 0.41698468 0.043318696 0.0
sensor -0.76604444 -0.64278764 3.0 1.0712199 0
controller 0 1 0.0 -1
controller 1 1 0.0 -1
controller 2 1 0.0 -1
segment 5 6 1.3459255 5.0 0.5 0.1452783 0.3176961 0.52774215 0.0
sensor -0.76604444 0.64278764 3.0 1.0712199 0
controller 0 2 0.008837342 -1
controller 1 1 0.0 -1
controller 2 1 0.0 -1
segment 6 7 1.3719084 5.0 0.5 0.2 0.95676523 0.8277608 0.948128
sensor -0.76604444 0.64278764 3.0 1.7 0
controller 0 1 0.0 -1
controller 1 1 0.0 -1
controller 2 1 0.0 -1
segment 8 6 1.118135 5.0 0.5 0.2 1.0 0.121132135 0.948128
sensor -0.76604444 0.64278764 3.0 1.7 0
controller 0 1 0.0 -1
controller 1 1 0.0 -1
controller 2 2 0.9160764 -1
segment 9 2 0.885269 5.0 0.5 0.1452783 0.3176961 0.10428119 0.0
sensor -0.76604444 0.64278764 3.0 1.0712199 0
controller 0 1 0.0 -1
controller 1 1 0.0 -1
controller 2 2 -0.48563504 -1
segment 9 5 0.885269 5.0 0.5 0.041142024 0.60119987 0.10428119 0.0
sensor 0.68710977 -0.7265536 3.0 1.0712199 0
controller 0 1 0.0 -1
controller 1 1 0.0 -1
controller 2 1 0.0 -1
segment 10 6 0.72358024 5.0 0.5 0.19174366 0.3176961 0.10428119 0.0
sensor -0.76604444 -0.64278764 3.0 1.0712199 0
controller 0 1 0.0 -1
controller 1 1 0.0 -1
controller 2 1 0.0 -1
segment 11 5 1.3459255 5.0 0.5 0.1452783 0.41698468 0.043318696 0.0
sensor -0.76604444 -0.64278764 3.0 1.0712199 0
controller 0 1 0.0 -1
controller 1 1 0.0 -1
controller 2 1 0.0 -1
creature_end
creature_start 12 15
color 0.0 0.0 255.0
phase 0.24085376
ids 11707 0 116960
carnivore false
point 22.244907 29.823492 1.0 false false false
point 23.345556 30.333893 1.0 false false true
point 22.883469 30.826397 1.0 false false false
point 24.635904 30.22738 1.0 false false false
point 22.427734 30.38059 1.0 false false false
point 23.019518 31.37022 1.0 false false false
point 23.501934 29.995363 1.0 false false false
point 25.074701 29.822742 1.0 false false false
point 22.58515 30.993095 1.0 false false false
point 22.16943 31.1423 1.0 false true false
point 22.912306 30.14584 1.0 false false false
point 21.469055 31.543316 1.0 false false false
segment 0 1 1.3153319 5.0 0.5 0.2 0.78659785 0.57000923 0.948128
sensor -0.76604444 0.64278764 3.0 1.7 0
controller 0 1 0.0 -1
controller 1 1 0.0 -1
controller 2 2 0.11246014 -1
segment 1 2 0.75845855 5.0 0.5 0.1452783 0.3176961 0.95476764 0.0
sensor -0.76604444 0.64278764 3.0 1.9447522 1
controller 0 1 0.0 -1
controller 1 1 0.0 -1
controller 2 1 0.0 -1
segment 1 3 1.2689388 5.0 0.5 0.18560265 1.0 0.9848073 1.0
sensor -0.76604444 -0.64278764 3.0 1.0712199 0
controller 0 1 0.0 -1
controller 1 1 0.0 -1
controller 2 1 0.0 -1
segment 3 7 0.5373717 5.0 0.5 0.015049028 0.21067828 0.2371493 0.41325647
sensor -0.68190664 0.73143923 3.0 1.0712199 0
controller 0 1 0.0 -1
controller 1 1 0.0 -1
controller 2 1 0.0 -1
segment 2 5 0.72358024 5.0 0.5 0.19174366 0.3176961 0.8465296 0.0
sensor -0.76604444 -0.64278764 3.0 1.0712199 0
controller 0 1 0.0 -1
controller 1 1 0.0 -1
controller 2 2 -0.6896126 -1
segment 4 5 1.188535 5.0 0.5 0.1452783 0.93876517 0.24012321 0.0
sensor -0.76604444 0.64278764 3.0 1.4757094 0
controller 0 1 0.0 -1
controller 1 1 0.0 -1
controller 2 1 0.0 -1
segment 4 0 0.625735 5.0 0.5 0.1452783 0.96957415 0.5567247 0.0
sensor -0.76604444 -0.64278764 3.0 1.0712199 0
controller 0 1 0.0 -1
controller 1 1 0.0 -1
controller 2 2 0.9160764 -1
segment 4 6 1.3459255 5.0 0.5 0.1452783 0.61282235 0.7855671 0.0
sensor -0.76604444 -0.64278764 3.0 1.0712199 0
controller 0 1 0.0 -1
controller 1 1 0.0 -1
controller 2 1 0.0 -1
segment 5 6 1.3459255 5.0 0.5 0.1452783 0.3176961 0.26999062 0.0
sensor -0.76604444 0.64278764 3.0 1.0712199 0
controller 0 2 0.008837342 -1
controller 1 1 0.0 -1
controller 2 1 0.0 -1
segment 6 7 1.3719084 5.0 0.5 0.2 0.95676523 0.57000923 0.948128
sensor -0.76604444 0.64278764 3.0 1.7 0
controller 0 1 0.0 -1
controller 1 1 0.0 -1
controller 2 1 0.0 -1
segment 8 6 1.118135 5.0 0.5 0.2 1.0 0.86338055 0.948128
sensor -0.76604444 0.64278764 3.0 1.7 0
controller 0 1 0.0 -1
controller 1 1 0.0 -1
controller 2 2 0.9160764 -1
segment 9 2 0.885269 5.0 0.5 0.1452783 0.3176961 0.8465296 0.0
sensor -0.76604444 0.64278764 3.0 1.0712199 0
controller 0 1 0.0 -1
controller 1 1 0.0 -1
controller 2 2 -0.48563504 -1
segment 9 5 0.885269 5.0 0.5 0.041142024 0.60119987 0.8465296 0.0
sensor 0.68710977 -0.7265536 3.0 1.0712199 0
controller 0 2 -0.053310156 -1
controller 1 1 0.0 -1
controller 2 1 0.0 -1
segment 10 6 0.72358024 5.0 0.5 0.19174366 0.3176961 0.8465296 0.0
sensor -0.76604444 -0.64278764 3.0 1.0712199 0
controller 0 1 0.0 -1
controller 1 1 0.0 -1
controller 2 1 0.0 -1
segment 11 5 1.3459255 5.0 0.5 0.1452783 0.41698468 0.7855671 0.0
sensor -0.76604444 -0.64278764 3.0 1.0712199 0
controller 0 2 -0.053310156 -1
controller 1 1 0.0 -1
controller 2 1 0.0 -1
creature_end
creature_start 12 14
color 0.0 0.0 255.0
phase 0.08023205
ids 11673 0 116963
carnivore false
point 68.44039 30.593012 1.0 false false false
point 69.75017 30.686018 1.0 false false true
point 68.90018 30.77813 1.0 false false false
point 70.908424 30.665863 1.0 false false false
point 68.71639 30.174955 1.0 false false false
point 68.32219 31.121122 1.0 false false false
point 69.99716 30.815794 1.0 false false false
point 71.43585 30.924065 1.0 false false false
point 69.06521 30.122927 1.0 false false false
point 68.291214 30.227833 1.0 false true false
point 69.76572 30.27495 1.0 false false false
point 66.88084 31.26636 1.0 false false false
segment 0 1 1.3153319 5.0 0.5 0.2 0.78659785 0.86879736 0.948128
sensor -0.76604444 0.64278764 3.0 1.7 0
controller 0 1 0.0 -1
controller 1 1 0.0 -1
controller 2 2 0.11246014 -1
segment 1 2 0.75845855 5.0 0.5 0.1452783 0.3176961 0.25355572 0.0
sensor -0.76604444 0.64278764 3.0 1.9447522 1
controller 0 1 0.0 -1
controller 1 1 0.0 -1
controller 2 1 0.0 -1
segment 1 3 1.2689388 5.0 0.5 0.18560265 1.0 0.28359538 1.0
sensor -0.76604444 -0.64278764 3.0 1.0712199 0
controller 0 1 0.0 -1
controller 1 1 0.0 -1
controller 2 1 0.0 -1
segment 3 7 0.5373717 5.0 0.5 0.015049028 0.21067828 0.53593737 0.41325647
sensor -0.68190664 0.73143923 3.0 1.0712199 0
controller 0 1 0.0 -1
controller 1 1 0.0 -1
controller 2 1 0.0 -1
segment 2 5 0.72358024 5.0 0.5 0.19174366 0.3176961 0.14531761 0.0
sensor -0.76604444 -0.64278764 3.0 1.0712199 0
controller 0 1 0.0 -1
controller 1 1 0.0 -1
controller 2 2 -0.6896126 -1
segment 4 5 1.188535 5.0 0.5 0.1452783 0.93876517 0.5687787 0.0
sensor -0.76604444 0.64278764 3.0 1.4757094 0
controller 0 1 0.0 -1
controller 1 1 0.0 -1
controller 2 1 0.0 -1
segment 4 0 0.625735 5.0 0.5 0.1452783 0.96957415 0.85551286 0.0
sensor -0.76604444 -0.64278764 3.0 1.0712199 0
controller 0 1 0.0 -1
controller 1 1 0.0 -1
controller 2 2 0.9160764 -1
segment 4 6 1.3459255 5.0 0.5 0.1452783 0.41698468 0.084355265 0.0
sensor -0.76604444 -0.64278764 3.0 1.0712199 0
controller 0 1 0.0 -1
controller 1 1 0.0 -1
controller 2 1 0.0 -1
segment 6 7 1.3719084 5.0 0.5 0.2 0.95676523 0.86879736 0.948128
sensor -0.76604444 0.64278764 3.0 1.7 0
controller 0 1 0.0 -1
controller 1 1 0.0 -1
controller 2 1 0.0 -1
segment 8 6 1.118135 5.0 0.5 0.2 1.0 0.16216856 0.948128
sensor -0.76604444 0.64278764 3.0 1.7 0
controller 0 1 0.0 -1
controller 1 1 0.0 -1
controller 2 2 0.9160764 -1
segment 9 2 0.885269 5.0 0.5 0.1452783 0.3176961 0.14531761 0.0
sensor -0.76604444 0.64278764 3.0 1.0712199 0
controller 0 1 0.0 -1
controller 1 1 0.0 -1
controller 2 2 -0.48563504 -1
segment 9 5 0.885269 5.0 0.5 0.041142024 0.60119987 0.14531761 0.0
sensor 0.68710977 -0.7265536 3.0 1.0712199 0
controller 0 1 0.0 -1
controller 1 1 0.0 -1
controller 2 1 0.0 -1
segment 10 6 0.72358024 5.0 0.5 0.19174366 0.3176961 0.14531761 0.0
sensor -0.76604444 -0.64278764 3.0 1.0712199 0
controller 0 1 0.0 -1
controller 1 1 0.0 -1
controller 2 1 0.0 -1
segment 11 5 1.3459255 5.0 0.5 0.1452783 0.41698468 0.084355265 0.0
sensor -0.76604444 -0.64278764 3.0 1.0712199 0
controller 0 1 0.0 -1
controller 1 1 0.0 -1
controller 2 1 0.0 -1
creature_end
creature_start 12 14
color 0.0 0.0 255.0
phase 0.37959117
ids 11717 0 116968
carnivore false
point 8.305626 38.177322 1.0 false false false
point 8.392618 36.67588 1.0 false false true
point 8.086571 37.427372 1.0 false false false
point 8.677799 35.590435 1.0 false false false
point 8.050774 37.44852 1.0 false false false
point 9.145862 37.84031 1.0 false false false
point 8.819135 36.553547 1.0 false false false
point 9.094966 35.42089 1.0 false false false
point 8.726393 37.415516 1.0 false false false
point 8.39059 38.333805 1.0 false true false
point 8.718274 37.336082 1.0 false false false
point 8.677357 38.926064 1.0 false false false
segment 0 1 1.3153319 5.0 0.5 0.2 0.78659785 0.8939653 0.948128
sensor -0.76604444 0.64278764 3.0 1.7 0
controller 0 1 0.0 -1
controller 1 1 0.0 -1
controller 2 2 0.11246014 -1
segment 1 2 0.75845855 5.0 0.5 0.1452783 0.3176961 0.27872375 0.0
sensor -0.76604444 0.64278764 3.0 1.9447522 1
controller 0 1 0.0 -1
controller 1 1 0.0 -1
controller 2 1 0.0 -1
segment 1 3 1.2689388 5.0 0.5 0.18560265 1.0 0.3087634 1.0
sensor -0.76604444 -0.64278764 3.0 1.0712199 0
controller 0 1 0.0 -1
controller 1 1 0.0 -1
controller 2 1 0.0 -1
segment 3 7 0.5373717 5.0 0.5 0.015049028 0.21067828 0.56110543 0.41325647
sensor -0.68190664 0.73143923 3.0 1.0712199 0
controller 0 1 0.0 -1
controller 1 1 0.0 -1
controller 2 1 0.0 -1
segment 4 5 1.188535 5.0 0.5 0.1452783 0.93876517 0.5640793 0.0
sensor -0.76604444 0.64278764 3.0 1.4757094 0
controller 0 1 0.0 -1
controller 1 1 0.0 -1
controller 2 1 0.0 -1
segment 4 0 0.625735 5.0 0.5 0.1452783 0.96957415 0.8806808 0.0
sensor -0.76604444 -0.64278764 3.0 1.0712199 0
controller 0 1 0.0 -1
controller 1 1 0.0 -1
controller 2 2 0.9160764 -1
segment 4 6 1.3459255 5.0 0.5 0.1452783 0.41698468 0.10952323 0.0
sensor -0.76604444 -0.64278764 3.0 1.0712199 0
controller 0 1 0.0 -1
controller 1 1 0.0 -1
controller 2 1 0.0 -1
segment 5 6 1.3459255 5.0 0.5 0.1452783 0.3176961 0.5939467 0.0
sensor -0.76604444 0.64278764 3.0 1.0712199 0
controller 0 2 0.008837342 -1
controller 1 1 0.0 -1
controller 2 1 0.0 -1
segment 6 7 1.3719084 5.0 0.5 0.2 0.95676523 0.8939653 0.948128
sensor -0.76604444 0.64278764 3.0 1.7 0
controller 0 1 0.0 -1
controller 1 1 0.0 -1
controller 2 1 0.0 -1
segment 8 6 1.118135 5.0 0.5 0.2 1.0 0.18733665 0.948128
sensor -0.76604444 0.64278764 3.0 1.7 0
controller 0 1 0.0 -1
controller 1 1 0.0 -1
controller 2 2 0.9160764 -1
segment 9 2 0.885269 5.0 0.5 0.1452783 0.3176961 0.17048568 0.0
sensor -0.76604444 0.64278764 3.0 1.0712199 0
controller 0 1 0.0 -1
controller 1 1 0.0 -1
controller 2 2 -0.48563504 -1
segment 9 5 0.885269 5.0 0.5 0.041142024 0.60119987 0.17048568 0.0
sensor 0.68710977 -0.7265536 3.0 1.0712199 0
controller 0 1 0.0 -1
controller 1 1 0.0 -1
controller 2 1 0.0 -1
segment 10 6 0.72358024 5.0 0.5 0.19174366 0.3176961 0.17048568 0.0
sensor -0.76604444 -0.64278764 3.0 1.0712199 0
controller 0 1 0.0 -1
controller 1 1 0.0 -1
controller 2 1 0.0 -1
segment 11 5 1.3459255 5.0 0.5 0.1452783 0.41698468 0.10952323 0.0
sensor -0.76604444 -0.64278764 3.0 1.0712199 0
controller 0 1 0.0 -1
controller 1 1 0.0 -1
controller 2 1 0.0 -1
creature_end
creature_start 11 14
color 255.0 0.0 0.0
phase 0.7161337
ids 11521 0 116969
carnivore true
point 57.563805 14.691328 1.0 false false false
point 56.7296 13.64665 1.0 false false false
point 56.624268 14.325265 1.0 false false false
point 56.22405 13.271678 1.0 false false false
point 55.801685 15.367473 1.0 false false false
point 56.911644 14.909076 1.0 false false false
point 55.9902 13.980699 1.0 false false true
point 57.938698 15.472491 1.0 false false false
point 55.854073 12.777938 1.0 false true false
point 58.030922 13.497339 1.0 false false false
point 58.153797 16.112076 1.0 false false false
segment 0 1 1.3153319 5.0 0.5 0.2 1.0 0.9651698 0.0
sensor -0.76604444 0.64278764 3.0 1.7 0
controller 0 1 0.0 -1
controller 1 1 0.0 -1
controller 2 2 0.11246014 -1
segment 1 2 0.75845855 5.0 0.5 0.1452783 0.3176961 0.3499284 0.0
sensor -0.76604444 0.64278764 3.0 1.9447522 0
controller 0 1 0.0 -1
controller 1 1 0.0 -1
controller 2 1 0.0 -1
segment 1 3 0.7132428 5.0 0.5 0.159084 1.0 0.69582206 1.0
sensor -0.76604444 -0.64278764 3.0 1.0712199 0
controller 0 1 0.0 -1
controller 1 1 0.0 -1
controller 2 1 0.0 -1
segment 2 4 1.2734009 5.0 0.5 0.029602682 0.3176961 0.78669953 0.0
sensor -0.76604444 0.64278764 3.0 1.0712199 0
controller 0 1 0.0 -1
controller 1 1 0.0 -1
controller 2 2 0.9160764 -1
segment 3 8 0.5373717 5.0 0.5 0.07022381 0.21067828 0.43227276 0.0
sensor -0.76604444 0.64278764 3.0 1.0712199 1
controller 0 1 0.0 -1
controller 1 1 0.0 -1
controller 2 1 0.0 -1
segment 2 5 0.72358024 5.0 0.5 0.1452783 0.49017894 0.24169007 0.0
sensor -0.76604444 -0.64278764 3.0 1.0712199 1
controller 0 1 0.0 -1
controller 1 1 0.0 -1
controller 2 1 0.0 -1
segment 4 5 1.188535 5.0 0.5 0.1452783 0.3176961 0.6651511 0.0
sensor -0.76604444 0.64278764 3.0 1.0712199 0
controller 0 1 0.0 -1
controller 1 1 0.0 -1
controller 2 1 0.0 -1
segment 4 6 1.3459255 5.0 0.5 0.1452783 0.8230698 0.18072787 0.26649863
sensor -0.76604444 -0.64278764 3.0 1.0712199 0
controller 0 1 0.0 -1
controller 1 1 0.0 -1
controller 2 1 0.0 -1
segment 5 6 1.3459255 5.0 0.5 0.1452783 0.3176961 0.6651511 0.0
sensor -0.76604444 0.64278764 3.0 1.0712199 0
controller 0 2 0.008837342 -1
controller 1 1 0.0 -1
controller 2 1 0.0 -1
segment 6 8 1.3719084 5.0 0.5 0.2 1.0 0.9651698 0.948128
sensor -0.76604444 0.64278764 3.0 1.7 0
controller 0 1 0.0 -1
controller 1 1 0.0 -1
controller 2 2 0.9160764 -1
segment 7 0 0.86728334 5.0 0.5 0.029602682 0.16867799 0.6651511 0.5247837
sensor -0.76604444 0.64278764 3.0 1.0712199 0
controller 0 1 0.0 -1
controller 1 1 0.0 -1
controller 2 1 0.0 -1
segment 0 9 1.3028014 5.0 0.5 0.2 1.0 0.9651698 0.282156
sensor -0.76604444 0.64278764 3.0 1.0712199 0
controller 0 2 0.008837342 -1
controller 1 1 0.0 -1
controller 2 1 0.0 -1
segment 1 9 1.3028014 5.0 0.5 0.2 1.0 0.9651698 0.282156
sensor -0.76604444 -0.64278764 3.0 1.0712199 0
controller 0 2 0.008837342 -1
controller 1 1 0.0 -1
controller 2 1 0.0 -1
segment 7 10 0.72358024 5.0 0.5 0.1452783 0.3176961 0.24169007 0.0
sensor -0.76604444 -0.64278764 3.0 1.0712199 1
controller 0 1 0.0 -1
controller 1 1 0.0 -1
controller 2 1 0.0 -1
creature_end
creature_start 11 14
color 255.0 0.0 0.0
phase 0.69371694
ids 11521 0 116970
carnivore true
point 21.197136 2.667137 1.0 false false false
point 20.2088 3.6157224 1.0 false false false
point 20.909847 3.6861007 1.0 false false false
point 19.83441 4.137085 1.0 false false false
point 22.07289 4.288585 1.0 false false false
point 21.377398 3.194466 1.0 false false false
point 20.620066 4.314434 1.0 false false true
point 21.859724 2.1357195 1.0 false false false
point 19.283274 4.5275264 1.0 false true false
point 19.795862 2.2838774 1.0 false false false
point 22.398483 1.8030005 1.0 false false false
segment 0 1 1.3153319 5.0 0.5 0.2 1.0 0.05834298 0.0
sensor -0.76604444 0.64278764 3.0 1.7 0
controller 0 1 0.0 -1
controller 1 1 0.0 -1
controller 2 2 0.11246014 -1
segment 1 2 0.75845855 5.0 0.5 0.1452783 0.3176961 0.44310158 0.0
sensor -0.76604444 0.64278764 3.0 1.9447522 0
controller 0 1 0.0 -1
controller 1 1 0.0 -1
controller 2 1 0.0 -1
segment 1 3 0.7132428 5.0 0.5 0.159084 1.0 0.78899527 1.0
sensor -0.76604444 -0.64278764 3.0 1.0712199 0
controller 0 1 0.0 -1
controller 1 1 0.0 -1
controller 2 1 0.0 -1
segment 2 4 1.2734009 5.0 0.5 0.029602682 0.3176961 0.87987274 0.0
sensor -0.76604444 0.64278764 3.0 1.0712199 0
controller 0 1 0.0 -1
controller 1 1 0.0 -1
controller 2 2 0.9160764 -1
segment 3 8 0.5373717 5.0 0.5 0.07022381 0.21067828 0.52544594 0.0
sensor -0.76604444 0.64278764 3.0 1.0712199 1
controller 0 1 0.0 -1
controller 1 1 0.0 -1
controller 2 1 0.0 -1
segment 2 5 0.72358024 5.0 0.5 0.1452783 0.49017894 0.33486325 0.0
sensor -0.76604444 -0.64278764 3.0 1.0712199 1
controller 0 1 0.0 -1
controller 1 1 0.0 -1
controller 2 1 0.0 -1
segment 4 5 1.188535 5.0 0.5 0.1452783 0.3176961 0.7583243 0.0
sensor -0.76604444 0.64278764 3.0 1.0712199 0
controller 0 1 0.0 -1
controller 1 1 0.0 -1
controller 2 1 0.0 -1
segment 4 6 1.3459255 5.0 0.5 0.1452783 0.8230698 0.27390105 0.26649863
sensor -0.76604444 -0.64278764 3.0 1.0712199 0
controller 0 1 0.0 -1
controller 1 1 0.0 -1
controller 2 1 0.0 -1
segment 5 6 1.3459255 5.0 0.5 0.1452783 0.3176961 0.7583243 0.0
sensor -0.76604444 0.64278764 3.0 1.0712199 0
controller 0 2 0.008837342 -1
controller 1 1 0.0 -1
controller 2 1 0.0 -1
segment 6 8 1.3719084 5.0 0.5 0.2 1.0 0.05834298 0.948128
sensor -0.76604444 0.64278764 3.0 1.7 0
controller 0 1 0.0 -1
controller 1 1 0.0 -1
controller 2 2 0.9160764 -1
segment 7 0 0.86728334 5.0 0.5 0.029602682 0.16867799 0.7583243 0.5247837
sensor -0.76604444 0.64278764 3.0 1.0712199 0
controller 0 1 0.0 -1
controller 1 1 0.0 -1
controller 2 1 0.0 -1
segment 0 9 1.3028014 5.0 0.5 0.2 1.0 0.05834298 0.282156
sensor -0.76604444 0.64278764 3.0 1.0712199 0
controller 0 2 0.008837342 -1
controller 1 1 0.0 -1
controller 2 1 0.0 -1
segment 1 9 1.3028014 5.0 0.5 0.2 1.0 0.05834298 0.282156
sensor -0.76604444 -0.64278764 3.0 1.0712199 0
controller 0 2 0.008837342 -1
controller 1 1 0.0 -1
controller 2 1 0.0 -1
segment 7 10 0.72358024 5.0 0.5 0.1452783 0.3176961 0.33486325 0.0
sensor -0.76604444 -0.64278764 3.0 1.0712199 1
controller 0 1 0.0 -1
controller 1 1 0.0 -1
controller 2 1 0.0 -1
creature_end
creature_start 12 14
color 0.0 0.0 255.0
phase 0.12409835
ids 11673 0 116971
carnivore false
point 36.587948 13.763964 1.0 false false false
point 36.3502 12.424511 1.0 false false true
point 35.8037 13.145269 1.0 false false false
point 36.34222 13.664598 1.0 false false false
point 36.211937 13.155591 1.0 false false false
point 35.425823 13.881704 1.0 false false false
point 37.19243 13.766559 1.0 false false false
point 36.324036 14.386845 1.0 false false false
point 36.44802 13.302735 1.0 false false false
point 34.87803 13.195612 1.0 false true false
point 37.637222 13.185874 1.0 false false false
point 36.011143 14.935535 1.0 false false false
segment 0 1 1.3153319 5.0 0.5 0.2 0.78659785 0.025379837 0.948128
sensor -0.76604444 0.64278764 3.0 1.7 0
controller 0 1 0.0 -1
controller 1 1 0.0 -1
controller 2 2 0.11246014 -1
segment 1 2 0.75845855 5.0 0.5 0.1452783 0.3176961 0.41013825 0.0
sensor -0.76604444 0.64278764 3.0 1.9447522 1
controller 0 1 0.0 -1
controller 1 1 0.0 -1
controller 2 1 0.0 -1
segment 1 3 1.2689388 5.0 0.5 0.18560265 1.0 0.44017792 1.0
sensor -0.76604444 -0.64278764 3.0 1.0712199 0
controller 0 1 0.0 -1
controller 1 1 0.0 -1
controller 2 1 0.0 -1
segment 3 7 0.5373717 5.0 0.5 0.015049028 0.21067828 0.6925199 0.41325647
sensor -0.68190664 0.73143923 3.0 1.0712199 0
controller 0 1 0.0 -1
controller 1 1 0.0 -1
controller 2 1 0.0 -1
segment 2 5 0.72358024 5.0 0.5 0.19174366 0.3176961 0.30190015 0.0
sensor -0.76604444 -0.64278764 3.0 1.0712199 0
controller 0 1 0.0 -1
controller 1 1 0.0 -1
controller 2 2 -0.6896126 -1
segment 4 5 1.188535 5.0 0.5 0.1452783 0.93876517 0.7253612 0.0
sensor -0.76604444 0.64278764 3.0 1.4757094 0
controller 0 1 0.0 -1
controller 1 1 0.0 -1
controller 2 1 0.0 -1
segment 4 0 0.625735 5.0 0.5 0.1452783 0.96957415 0.012095392 0.0
sensor -0.76604444 -0.64278764 3.0 1.0712199 0
controller 0 1 0.0 -1
controller 1 1 0.0 -1
controller 2 2 0.9160764 -1
segment 4 6 1.3459255 5.0 0.5 0.1452783 0.41698468 0.2409378 0.0
sensor -0.76604444 -0.64278764 3.0 1.0712199 0
controller 0 1 0.0 -1
controller 1 1 0.0 -1
controller 2 1 0.0 -1
segment 6 7 1.3719084 5.0 0.5 0.2 0.95676523 0.025379837 0.948128
sensor -0.76604444 0.64278764 3.0 1.7 0
controller 0 1 0.0 -1
controller 1 1 0.0 -1
controller 2 1 0.0 -1
segment 8 6 1.118135 5.0 0.5 0.2 1.0 0.3187511 0.948128
sensor -0.76604444 0.64278764 3.0 1.7 0
controller 0 1 0.0 -1
controller 1 1 0.0 -1
controller 2 2 0.9160764 -1
segment 9 2 0.885269 5.0 0.5 0.1452783 0.3176961 0.30190015 0.0
sensor -0.76604444 0.64278764 3.0 1.0712199 0
controller 0 1 0.0 -1
controller 1 1 0.0 -1
controller 2 2 -0.48563504 -1
segment 9 5 0.885269 5.0 0.5 0.041142024 0.60119987 0.30190015 0.0
sensor 0.68710977 -0.7265536 3.0 1.0712199 0
controller 0 1 0.0 -1
controller 1 1 0.0 -1
controller 2 1 0.0 -1
segment 10 6 0.72358024 5.0 0.5 0.19174366 0.3176961 0.30190015 0.0
sensor -0.76604444 -0.64278764 3.0 1.0712199 0
controller 0 1 0.0 -1
controller 1 1 0.0 -1
controller 2 1 0.0 -1
segment 11 5 1.3459255 5.0 0.5 0.1452783 0.41698468 0.2409378 0.0
sensor -0.76604444 -0.64278764 3.0 1.0712199 0
controller 0 1 0.0 -1
controller 1 1 0.0 -1
controller 2 1 0.0 -1
creature_end
creature_start 12 15
color 0.0 0.0 255.0
phase 0.1881381
ids 11706 0 116973
carnivore false
point 7.3122907 5.2644515 1.0 false false false
point 8.691789 4.7709637 1.0 false false true
point 8.004633 5.1343937 1.0 false false false
point 9.677232 4.5801635 1.0 false false false
point 7.400377 4.7158413 1.0 false false false
point 7.5481987 5.701521 1.0 false false false
point 8.772874 4.7839456 1.0 false false false
point 10.004562 4.200029 1.0 false false false
point 7.890944 5.1934953 1.0 false false false
point 7.2550135 4.812057 1.0 false true false
point 8.076731 5.008687 1.0 false false false
point 6.270719 5.988793 1.0 false false false
segment 0 1 1.3153319 5.0 0.5 0.2 0.78659785 0.8515432 0.948128
sensor -0.76604444 0.64278764 3.0 1.7 0
controller 0 1 0.0 -1
controller 1 1 0.0 -1
controller 2 2 0.11246014 -1
segment 1 2 0.75845855 5.0 0.5 0.1452783 0.3176961 0.23630153 0.0
sensor -0.76604444 0.64278764 3.0 1.9447522 1
controller 0 1 0.0 -1
controller 1 1 0.0 -1
controller 2 1 0.0 -1
segment 1 3 1.2689388 5.0 0.5 0.18560265 1.0 0.2663412 1.0
sensor -0.76604444 -0.64278764 3.0 1.0712199 0
controller 0 1 0.0 -1
controller 1 1 0.0 -1
controller 2 1 0.0 -1
segment 3 7 0.5373717 5.0 0.5 0.015049028 0.21067828 0.5186832 0.41325647
sensor -0.68190664 0.73143923 3.0 1.0712199 0
controller 0 1 0.0 -1
controller 1 1 0.0 -1
controller 2 1 0.0 -1
segment 2 5 0.72358024 5.0 0.5 0.015921557 0.3176961 0.12806349 0.0
sensor -0.76604444 -0.64278764 3.0 1.0712199 0
controller 0 1 0.0 -1
controller 1 1 0.0 -1
controller 2 2 -0.6896126 -1
segment 4 5 1.188535 5.0 0.5 0.1452783 0.93876517 0.5216571 0.0
sensor -0.76604444 0.64278764 3.0 1.4757094 0
controller 0 1 0.0 -1
controller 1 1 0.0 -1
controller 2 1 0.0 -1
segment 4 0 0.625735 5.0 0.5 0.1452783 0.96957415 0.8382587 0.0
sensor -0.76604444 -0.64278764 3.0 1.0712199 0
controller 0 1 0.0 -1
controller 1 1 0.0 -1
controller 2 2 0.9160764 -1
segment 4 6 1.3459255 5.0 0.5 0.1452783 0.41698468 0.067101 0.0
sensor -0.76604444 -0.64278764 3.0 1.0712199 0
controller 0 1 0.0 -1
controller 1 1 0.0 -1
controller 2 1 0.0 -1
segment 5 6 1.3459255 5.0 0.5 0.1452783 0.3176961 0.5515245 0.0
sensor -0.76604444 0.64278764 3.0 1.0712199 0
controller 0 2 0.008837342 -1
controller 1 1 0.0 -1
controller 2 1 0.0 -1
segment 6 7 1.3719084 5.0 0.5 0.2 0.95676523 0.8515432 0.948128
sensor -0.76604444 0.64278764 3.0 1.7 0
controller 0 1 0.0 -1
controller 1 1 0.0 -1
controller 2 1 0.0 -1
segment 8 6 1.118135 5.0 0.5 0.2 1.0 0.14491443 0.948128
sensor -0.76604444 0.64278764 3.0 1.7 0
controller 0 1 0.0 -1
controller 1 1 0.0 -1
controller 2 2 0.9160764 -1
segment 9 2 0.885269 5.0 0.5 0.1452783 0.3176961 0.12806349 0.0
sensor -0.76604444 0.64278764 3.0 1.0712199 0
controller 0 1 0.0 -1
controller 1 1 0.0 -1
controller 2 2 -0.48563504 -1
segment 9 5 0.885269 5.0 0.5 0.041142024 0.60119987 0.12806349 0.0
sensor 0.68710977 -0.7265536 3.0 1.0712199 0
controller 0 1 0.0 -1
controller 1 1 0.0 -1
controller 2 1 0.0 -1
segment 10 6 0.72358024 5.0 0.5 0.19174366 0.3176961 0.12806349 0.0
sensor -0.76604444 -0.64278764 3.0 1.0712199 0
controller 0 1 0.0 -1
controller 1 1 0.0 -1
controller 2 1 0.0 -1
segment 11 5 1.3459255 5.0 0.5 0.1452783 0.41698468 0.067101 0.0
sensor -0.76604444 -0.64278764 3.0 1.0712199 0
controller 0 1 0.0 -1
controller 1 1 0.0 -1
controller 2 1 0.0 -1
creature_end
creature_start 11 14
color 255.0 0.0 0.0
phase 0.92647034
ids 11521 0 116974
carnivore true
point 25.741667 13.992913 1.0 false false false
point 24.21565 13.884717 1.0 false false false
point 24.84432 14.321312 1.0 false false false
point 23.391848 13.903206 1.0 false false false
point 25.345116 15.5001 1.0 false false false
point 25.598368 14.197724 1.0 false false false
point 24.137169 14.679376 1.0 false false true
point 26.569935 13.985224 1.0 false false false
point 22.875174 13.614012 1.0 false true false
point 25.039694 12.546943 1.0 false false false
point 27.18216 14.07189 1.0 false false false
segment 0 1 1.3153319 5.0 0.5 0.2 1.0 0.04261419 0.0
sensor -0.76604444 0.64278764 3.0 1.7 0
controller 0 1 0.0 -1
controller 1 1 0.0 -1
controller 2 2 0.11246014 -1
segment 1 2 0.75845855 5.0 0.5 0.1452783 0.3176961 0.42737275 0.0
sensor -0.76604444 0.64278764 3.0 1.9447522 0
controller 0 1 0.0 -1
controller 1 1 0.0 -1
controller 2 1 0.0 -1
segment 1 3 0.7132428 5.0 0.5 0.159084 1.0 0.7732665 1.0
sensor -0.76604444 -0.64278764 3.0 1.0712199 0
controller 0 1 0.0 -1
controller 1 1 0.0 -1
controller 2 1 0.0 -1
segment 2 4 1.2734009 5.0 0.5 0.029602682 0.3176961 0.86414397 0.0
sensor -0.76604444 0.64278764 3.0 1.0712199 0
controller 0 1 0.0 -1
controller 1 1 0.0 -1
controller 2 2 0.9160764 -1
segment 3 8 0.5373717 5.0 0.5 0.07022381 0.21067828 0.50971717 0.0
sensor -0.76604444 0.64278764 3.0 1.0712199 1
controller 0 1 0.0 -1
controller 1 1 0.0 -1
controller 2 1 0.0 -1
segment 2 5 0.72358024 5.0 0.5 0.1452783 0.49017894 0.3191344 0.0
sensor -0.76604444 -0.64278764 3.0 1.0712199 1
controller 0 1 0.0 -1
controller 1 1 0.0 -1
controller 2 1 0.0 -1
segment 4 5 1.188535 5.0 0.5 0.1452783 0.3176961 0.74259555 0.0
sensor -0.76604444 0.64278764 3.0 1.0712199 0
controller 0 1 0.0 -1
controller 1 1 0.0 -1
controller 2 1 0.0 -1
segment 4 6 1.3459255 5.0 0.5 0.1452783 0.8230698 0.2581722 0.26649863
sensor -0.76604444 -0.64278764 3.0 1.0712199 0
controller 0 1 0.0 -1
controller 1 1 0.0 -1
controller 2 1 0.0 -1
segment 5 6 1.3459255 5.0 0.5 0.1452783 0.3176961 0.74259555 0.0
sensor -0.76604444 0.64278764 3.0 1.0712199 0
controller 0 2 0.008837342 -1
controller 1 1 0.0 -1
controller 2 1 0.0 -1
segment 6 8 1.3719084 5.0 0.5 0.2 1.0 0.04261419 0.948128
sensor -0.76604444 0.64278764 3.0 1.7 0
controller 0 1 0.0 -1
controller 1 1 0.0 -1
controller 2 2 0.9160764 -1
segment 7 0 0.86728334 5.0 0.5 0.029602682 0.16867799 0.74259555 0.5247837
sensor -0.76604444 0.64278764 3.0 1.0712199 0
controller 0 1 0.0 -1
controller 1 1 0.0 -1
controller 2 1 0.0 -1
segment 0 9 1.3028014 5.0 0.5 0.2 1.0 0.04261419 0.282156
sensor -0.76604444 0.64278764 3.0 1.0712199 0
controller 0 2 0.008837342 -1
controller 1 1 0.0 -1
controller 2 1 0.0 -1
segment 1 9 1.3028014 5.0 0.5 0.2 1.0 0.04261419 0.282156
sensor -0.76604444 -0.64278764 3.0 1.0712199 0
controller 0 2 0.008837342 -1
controller 1 1 0.0 -1
controller 2 1 0.0 -1
segment 7 10 0.72358024 5.0 0.5 0.1452783 0.3176961 0.3191344 0.0
sensor -0.76604444 -0.64278764 3.0 1.0712199 1
controller 0 1 0.0 -1
controller 1 1 0.0 -1
controller 2 1 0.0 -1
creature_end
creature_start 12 14
color 0.0 0.0 255.0
phase 0.98345435
ids 11673 0 116975
carnivore false
point 14.2706585 46.299393 1.0 false false false
point 15.069189 45.392735 1.0 false false true
point 14.327177 45.6237 1.0 false false false
point 16.232664 45.138733 1.0 false false false
point 14.779339 46.119675 1.0 false false false
point 13.798189 46.011665 1.0 false false false
point 16.225767 46.03519 1.0 false false false
point 16.265984 44.610863 1.0 false false false
point 15.081324 46.449295 1.0 false false false
point 13.734262 45.119663 1.0 false true false
point 15.798449 46.384697 1.0 false false false
point 12.387552 46.495743 1.0 false false false
segment 0 1 1.3153319 5.0 0.5 0.2 0.78659785 0.9002418 0.948128
sensor -0.76604444 0.64278764 3.0 1.7 0
controller 0 1 0.0 -1
controller 1 1 0.0 -1
controller 2 2 0.11246014 -1
segment 1 2 0.75845855 5.0 0.5 0.1452783 0.3176961 0.28500018 0.0
sensor -0.76604444 0.64278764 3.0 1.9447522 1
controller 0 1 0.0 -1
controller 1 1 0.0 -1
controller 2 1 0.0 -1
segment 1 3 1.2689388 5.0 0.5 0.18560265 1.0 0.31503984 1.0
sensor -0.76604444 -0.64278764 3.0 1.0712199 0
controller 0 1 0.0 -1
controller 1 1 0.0 -1
controller 2 1 0.0 -1
segment 3 7 0.5373717 5.0 0.5 0.015049028 0.21067828 0.5673818 0.41325647
sensor -0.68190664 0.73143923 3.0 1.0712199 0
controller 0 1 0.0 -1
controller 1 1 0.0 -1
controller 2 1 0.0 -1
segment 2 5 0.72358024 5.0 0.5 0.19174366 0.3176961 0.17676207 0.0
sensor -0.76604444 -0.64278764 3.0 1.0712199 0
controller 0 1 0.0 -1
controller 1 1 0.0 -1
controller 2 2 -0.6896126 -1
segment 4 5 1.188535 5.0 0.5 0.1452783 0.93876517 0.6002231 0.0
sensor -0.76604444 0.64278764 3.0 1.4757094 0
controller 0 1 0.0 -1
controller 1 1 0.0 -1
controller 2 1 0.0 -1
segment 4 0 0.625735 5.0 0.5 0.1452783 0.96957415 0.8869573 0.0
sensor -0.76604444 -0.64278764 3.0 1.0712199 0
controller 0 1 0.0 -1
controller 1 1 0.0 -1
controller 2 2 0.9160764 -1
segment 4 6 1.3459255 5.0 0.5 0.1452783 0.41698468 0.115799725 0.0
sensor -0.76604444 -0.64278764 3.0 1.0712199 0
controller 0 1 0.0 -1
controller 1 1 0.0 -1
controller 2 1 0.0 -1
segment 6 7 1.3719084 5.0 0.5 0.2 0.95676523 0.9002418 0.948128
sensor -0.76604444 0.64278764 3.0 1.7 0
controller 0 1 0.0 -1
controller 1 1 0.0 -1
controller 2 1 0.0 -1
segment 8 6 1.118135 5.0 0.5 0.2 1.0 0.19361302 0.948128
sensor -0.76604444 0.64278764 3.0 1.7 0
controller 0 1 0.0 -1
controller 1 1 0.0 -1
controller 2 2 0.9160764 -1
segment 9 2 0.885269 5.0 0.5 0.1452783 0.3176961 0.17676207 0.0
sensor -0.76604444 0.64278764 3.0 1.0712199 0
controller 0 1 0.0 -1
controller 1 1 0.0 -1
controller 2 2 -0.48563504 -1
segment 9 5 0.885269 5.0 0.5 0.041142024 0.60119987 0.17676207 0.0
sensor 0.68710977 -0.7265536 3.0 1.0712199 0
controller 0 1 0.0 -1
controller 1 1 0.0 -1
controller 2 1 0.0 -1
segment 10 6 0.72358024 5.0 0.5 0.19174366 0.3176961 0.17676207 0.0
sensor -0.76604444 -0.64278764 3.0 1.0712199 0
controller 0 1 0.0 -1
controller 1 1 0.0 -1
controller 2 1 0.0 -1
segment 11 5 1.3459255 5.0 0.5 0.1452783 0.41698468 0.115799725 0.0
sensor -0.76604444 -0.64278764 3.0 1.0712199 0
controller 0 1 0.0 -1
controller 1 1 0.0 -1
controller 2 1 0.0 -1
creature_end
creature_start 11 14
color 255.0 0.0 0.0
phase 0.998255
ids 11521 0 116976
carnivore true
point 8.829853 23.641829 1.0 false false false
point 7.344687 23.784256 1.0 false false false
point 7.8890963 24.343346 1.0 false false false
point 6.5619435 23.65985 1.0 false false false
point 8.190769 25.555962 1.0 false false false
point 8.69764 24.353842 1.0 false false false
point 7.2506046 24.675438 1.0 false false true
point 9.683738 23.956963 1.0 false false false
point 6.08571 23.456612 1.0 false true false
point 7.987274 22.37962 1.0 false false false
point 10.355379 24.160715 1.0 false false false
segment 0 1 1.3153319 5.0 0.5 0.2 1.0 0.0819323 0.0
sensor -0.76604444 0.64278764 3.0 1.7 0
controller 0 1 0.0 -1
controller 1 1 0.0 -1
controller 2 2 0.11246014 -1
segment 1 2 0.75845855 5.0 0.5 0.1452783 0.3176961 0.4666909 0.0
sensor -0.76604444 0.64278764 3.0 1.9447522 0
controller 0 1 0.0 -1
controller 1 1 0.0 -1
controller 2 1 0.0 -1
segment 1 3 0.7132428 5.0 0.5 0.159084 1.0 0.8125846 1.0
sensor -0.76604444 -0.64278764 3.0 1.0712199 0
controller 0 1 0.0 -1
controller 1 1 0.0 -1
controller 2 1 0.0 -1
segment 2 4 1.2734009 5.0 0.5 0.029602682 0.3176961 0.90346205 0.0
sensor -0.76604444 0.64278764 3.0 1.0712199 0
controller 0 1 0.0 -1
controller 1 1 0.0 -1
controller 2 2 0.9160764 -1
segment 3 8 0.5373717 5.0 0.5 0.07022381 0.21067828 0.54903525 0.0
sensor -0.76604444 0.64278764 3.0 1.0712199 1
controller 0 1 0.0 -1
controller 1 1 0.0 -1
controller 2 1 0.0 -1
segment 2 5 0.72358024 5.0 0.5 0.1452783 0.49017894 0.35845256 0.0
sensor -0.76604444 -0.64278764 3.0 1.0712199 1
controller 0 1 0.0 -1
controller 1 1 0.0 -1
controller 2 1 0.0 -1
segment 4 5 1.188535 5.0 0.5 0.1452783 0.3176961 0.78191364 0.0
sensor -0.76604444 0.64278764 3.0 1.0712199 0
controller 0 1 0.0 -1
controller 1 1 0.0 -1
controller 2 1 0.0 -1
segment 4 6 1.3459255 5.0 0.5 0.1452783 0.8230698 0.29749036 0.26649863
sensor -0.76604444 -0.64278764 3.0 1.0712199 0
controller 0 1 0.0 -1
controller 1 1 0.0 -1
controller 2 1 0.0 -1
segment 5 6 1.3459255 5.0 0.5 0.1452783 0.3176961 0.78191364 0.0
sensor -0.76604444 0.64278764 3.0 1.0712199 0
controller 0 2 0.008837342 -1
controller 1 1 0.0 -1
controller 2 1 0.0 -1
segment 6 8 1.3719084 5.0 0.5 0.2 1.0 0.0819323 0.948128
sensor -0.76604444 0.64278764 3.0 1.7 0
controller 0 1 0.0 -1
controller 1 1 0.0 -1
controller 2 2 0.9160764 -1
segment 7 0 0.86728334 5.0 0.5 0.029602682 0.16867799 0.78191364 0.5247837
sensor -0.76604444 0.64278764 3.0 1.0712199 0
controller 0 1 0.0 -1
controller 1 1 0.0 -1
controller 2 1 0.0 -1
segment 0 9 1.3028014 5.0 0.5 0.2 1.0 0.0819323 0.282156
sensor -0.76604444 0.64278764 3.0 1.0712199 0
controller 0 2 0.008837342 -1
controller 1 1 0.0 -1
controller 2 1 0.0 -1
segment 1 9 1.3028014 5.0 0.5 0.2 1.0 0.0819323 0.282156
sensor -0.76604444 -0.64278764 3.0 1.0712199 0
controller 0 2 0.008837342 -1
controller 1 1 0.0 -1
controller 2 1 0.0 -1
segment 7 10 0.72358024 5.0 0.5 0.1452783 0.3176961 0.35845256 0.0
sensor -0.76604444 -0.64278764 3.0 1.0712199 1
controller 0 1 0.0 -1
controller 1 1 0.0 -1
controller 2 1 0.0 -1
creature_end
creature_start 12 15
color 0.0 0.0 255.0
phase 0.16969655
ids 11706 0 116978
carnivore false
point 50.435703 30.089918 1.0 false false false
point 49.96905 31.488302 1.0 false false true
point 50.18722 30.726631 1.0 false false false
point 49.509357 32.381966 1.0 false false false
point 50.790775 30.547886 1.0 false false false
point 49.940536 30.03288 1.0 false false false
point 49.884556 31.555445 1.0 false false false
point 49.595837 32.87557 1.0 false false false
point 50.108498 30.64568 1.0 false false false
point 50.85268 30.221794 1.0 false true false
point 50.130093 30.840475 1.0 false false false
point 50.519325 28.872707 1.0 false false false
segment 0 1 1.3153319 5.0 0.5 0.2 0.78659785 0.8856174 0.948128
sensor -0.76604444 0.64278764 3.0 1.7 0
controller 0 1 0.0 -1
controller 1 1 0.0 -1
controller 2 2 0.11246014 -1
segment 1 2 0.75845855 5.0 0.5 0.1452783 0.3176961 0.2703757 0.0
sensor -0.76604444 0.64278764 3.0 1.9447522 1
controller 0 1 0.0 -1
controller 1 1 0.0 -1
controller 2 1 0.0 -1
segment 1 3 1.2689388 5.0 0.5 0.18560265 1.0 0.3004154 1.0
sensor -0.76604444 -0.64278764 3.0 1.0712199 0
controller 0 1 0.0 -1
controller 1 1 0.0 -1
controller 2 1 0.0 -1
segment 3 7 0.5373717 5.0 0.5 0.015049028 0.21067828 0.5527574 0.41325647
sensor -0.68190664 0.73143923 3.0 1.0712199 0
controller 0 1 0.0 -1
controller 1 1 0.0 -1
controller 2 1 0.0 -1
segment 2 5 0.72358024 5.0 0.5 0.015921557 0.3176961 0.16213766 0.0
sensor -0.76604444 -0.64278764 3.0 1.0712199 0
controller 0 1 0.0 -1
controller 1 1 0.0 -1
controller 2 2 -0.6896126 -1
segment 4 5 1.188535 5.0 0.5 0.1452783 0.93876517 0.5557313 0.0
sensor -0.76604444 0.64278764 3.0 1.4757094 0
controller 0 1 0.0 -1
controller 1 1 0.0 -1
controller 2 1 0.0 -1
segment 4 0 0.625735 5.0 0.5 0.1452783 0.96957415 0.8723329 0.0
sensor -0.76604444 -0.64278764 3.0 1.0712199 0
controller 0 1 0.0 -1
controller 1 1 0.0 -1
controller 2 2 0.9160764 -1
segment 4 6 1.3459255 5.0 0.5 0.1452783 0.41698468 0.101175174 0.0
sensor -0.76604444 -0.64278764 3.0 1.0712199 0
controller 0 1 0.0 -1
controller 1 1 0.0 -1
controller 2 1 0.0 -1
segment 5 6 1.3459255 5.0 0.5 0.1452783 0.3176961 0.5855987 0.0
sensor -0.76604444 0.64278764 3.0 1.0712199 0
controller 0 2 0.008837342 -1
controller 1 1 0.0 -1
controller 2 1 0.0 -1
segment 6 7 1.3719084 5.0 0.5 0.2 0.95676523 0.8856174 0.948128
sensor -0.76604444 0.64278764 3.0 1.7 0
controller 0 1 0.0 -1
controller 1 1 0.0 -1
controller 2 1 0.0 -1
segment 8 6 1.118135 5.0 0.5 0.2 1.0 0.1789886 0.948128
sensor -0.76604444 0.64278764 3.0 1.7 0
controller 0 1 0.0 -1
controller 1 1 0.0 -1
controller 2 2 0.9160764 -1
segment 9 2 0.885269 5.0 0.5 0.1452783 0.3176961 0.16213766 0.0
sensor -0.76604444 0.64278764 3.0 1.0712199 0
controller 0 1 0.0 -1
controller 1 1 0.0 -1
controller 2 2 -0.48563504 -1
segment 9 5 0.885269 5.0 0.5 0.041142024 0.60119987 0.16213766 0.0
sensor 0.68710977 -0.7265536 3.0 1.0712199 0
controller 0 1 0.0 -1
controller 1 1 0.0 -1
controller 2 1 0.0 -1
segment 10 6 0.72358024 5.0 0.5 0.19174366 0.3176961 0.16213766 0.0
sensor -0.76604444 -0.64278764 3.0 1.0712199 0
controller 0 1 0.0 -1
controller 1 1 0.0 -1
controller 2 1 0.0 -1
segment 11 5 1.3459255 5.0 0.5 0.1452783 0.41698468 0.101175174 0.0
sensor -0.76604444 -0.64278764 3.0 1.0712199 0
controller 0 1 0.0 -1
controller 1 1 0.0 -1
controller 2 1 0.0 -1
creature_end
