counter 64200000 890559.44 0.1
world_width 70.0
num_groups 1
birth_count 104918
species_count 10484
num_creatures 27
world_seed 239
clear_creatures
creature_start 10 13
color 255.0 0.0 0.0
phase 0.09156175
ids 10467 0 104777
carnivore true
point 56.89017 25.704641 1.0 false false false
point 58.272926 26.174683 1.0 false false true
point 57.467293 26.262466 1.0 false false false
point 59.608807 26.590216 1.0 false true false
point 57.69478 25.522446 1.0 false false false
point 57.096596 26.758226 1.0 false false false
point 58.50485 26.343676 1.0 false false false
point 56.74294 24.817238 1.0 false false false
point 60.101555 26.72015 1.0 false false false
point 57.793 25.828547 1.0 false false false
segment 0 1 1.3153319 5.0 0.5 0.2 0.058855295 0.35122007 0.948128
sensor -0.76604444 0.64278764 3.0 1.7 0
controller 0 1 0.0 -1
controller 1 1 0.0 -1
controller 2 2 0.11246014 -1
segment 1 2 0.75845855 5.0 0.5 0.1452783 0.3176961 0.7359784 0.0
sensor -0.76604444 0.64278764 3.0 1.9447522 0
controller 0 1 0.0 -1
controller 1 1 0.0 -1
controller 2 1 0.0 -1
segment 1 3 1.2689388 5.0 0.5 0.1452783 1.0 0.08187239 1.0
sensor -0.76604444 -0.64278764 3.0 1.0712199 0
controller 0 1 0.0 -1
controller 1 1 0.0 -1
controller 2 1 0.0 -1
segment 2 4 0.86728334 5.0 0.5 0.029602682 0.3176961 0.17274992 0.0
sensor -0.76604444 0.64278764 3.0 1.0712199 0
controller 0 1 0.0 -1
controller 1 1 0.0 -1
controller 2 2 0.9160764 -1
segment 3 8 0.5373717 5.0 0.5 0.07022381 0.21067828 0.01835978 0.0
sensor -0.76604444 0.64278764 3.0 1.0712199 0
controller 0 1 0.0 -1
controller 1 1 0.0 -1
controller 2 1 0.0 -1
segment 2 5 0.72358024 5.0 0.5 0.1452783 0.3176961 0.62774026 0.0
sensor -0.76604444 -0.64278764 3.0 1.0712199 1
controller 0 1 0.0 -1
controller 1 1 0.0 -1
controller 2 1 0.0 -1
segment 4 5 1.188535 5.0 0.5 0.1452783 0.3176961 0.051201224 0.0
sensor -0.76604444 0.64278764 3.0 1.0712199 0
controller 0 1 0.0 -1
controller 1 1 0.0 -1
controller 2 1 0.0 -1
segment 4 7 1.3310516 5.0 0.5 0.1452783 0.96957415 0.051201224 0.0
sensor -0.76604444 -0.64278764 3.0 1.0712199 0
controller 0 1 0.0 -1
controller 1 1 0.0 -1
controller 2 2 0.9160764 -1
segment 4 6 1.3459255 5.0 0.5 0.1452783 0.41698468 0.5667782 0.0
sensor -0.76604444 -0.64278764 3.0 1.0712199 0
controller 0 1 0.0 -1
controller 1 1 0.0 -1
controller 2 1 0.0 -1
segment 5 6 1.3459255 5.0 0.5 0.1452783 0.3176961 0.051201224 0.0
sensor -0.76604444 0.64278764 3.0 1.0712199 0
controller 0 2 0.008837342 -1
controller 1 1 0.0 -1
controller 2 1 0.0 -1
segment 6 8 1.3719084 5.0 0.5 0.2 1.0 0.35122007 0.948128
sensor -0.76604444 0.64278764 3.0 1.7 0
controller 0 1 0.0 -1
controller 1 1 0.0 -1
controller 2 2 0.9160764 -1
segment 9 6 1.118135 5.0 0.5 0.2 1.0 0.6445912 0.948128
sensor -0.76604444 0.64278764 3.0 1.7 0
controller 0 1 0.0 -1
controller 1 1 0.0 -1
controller 2 2 0.9160764 -1
segment 7 0 0.86728334 5.0 0.5 0.029602682 0.3176961 0.051201224 0.5247837
sensor -0.76604444 0.64278764 3.0 1.0712199 0
controller 0 1 0.0 -1
controller 1 1 0.0 -1
controller 2 1 0.0 -1
creature_end
creature_start 12 15
color 255.0 0.0 0.0
phase 0.52361625
ids 10378 0 104785
carnivore true
point 8.921658 30.621792 1.0 false false false
point 10.164036 30.289415 1.0 false false true
point 9.58927 30.674374 1.0 false false false
point 11.237055 30.102533 1.0 false true false
point 9.345448 28.784126 1.0 false false false
point 9.254642 30.051609 1.0 false false false
point 10.512799 29.560057 1.0 false false false
point 7.885692 29.22355 1.0 false false false
point 11.795998 29.794725 1.0 false false false
point 9.2775345 29.960178 1.0 false false false
point 8.792991 30.64346 1.0 false false false
point 9.059575 31.477165 1.0 false false false
segment 0 1 1.3153319 5.0 0.5 0.2 1.0 0.5520525 0.948128
sensor -0.76604444 0.64278764 3.0 1.7 0
controller 0 1 0.0 -1
controller 1 1 0.0 -1
controller 2 2 0.11246014 -1
segment 1 2 0.75845855 5.0 0.5 0.1452783 0.3176961 0.93681085 0.0
sensor -0.76604444 0.64278764 3.0 1.9447522 0
controller 0 1 0.0 -1
controller 1 1 0.0 -1
controller 2 1 0.0 -1
segment 1 3 1.2689388 5.0 0.5 0.1452783 1.0 0.2827049 1.0
sensor -0.76604444 -0.64278764 3.0 1.0712199 0
controller 0 1 0.0 -1
controller 1 1 0.0 -1
controller 2 1 0.0 -1
segment 3 8 0.5373717 5.0 0.5 0.07022381 0.21067828 0.2191923 0.0
sensor -0.76604444 0.64278764 3.0 1.0712199 0
controller 0 1 0.0 -1
controller 1 1 0.0 -1
controller 2 1 0.0 -1
segment 2 5 0.72358024 5.0 0.5 0.1452783 0.3176961 0.8285728 0.0
sensor -0.76604444 -0.64278764 3.0 1.0712199 1
controller 0 1 0.0 -1
controller 1 1 0.0 -1
controller 2 1 0.0 -1
segment 4 5 1.188535 5.0 0.5 0.1452783 0.3176961 0.25203374 0.0
sensor -0.76604444 0.64278764 3.0 1.0712199 0
controller 0 1 0.0 -1
controller 1 1 0.0 -1
controller 2 1 0.0 -1
segment 4 7 1.3310516 5.0 0.5 0.1452783 0.96957415 0.25203374 0.0
sensor -0.76604444 -0.64278764 3.0 1.0712199 0
controller 0 1 0.0 -1
controller 1 1 0.0 -1
controller 2 2 0.9160764 -1
segment 4 6 1.3459255 5.0 0.5 0.1452783 0.41698468 0.76761067 0.0
sensor -0.76604444 -0.64278764 3.0 1.0712199 0
controller 0 1 0.0 -1
controller 1 1 0.0 -1
controller 2 1 0.0 -1
segment 5 6 1.3459255 5.0 0.5 0.1452783 0.3176961 0.25203374 0.0
sensor -0.76604444 0.64278764 3.0 1.0712199 0
controller 0 2 0.008837342 -1
controller 1 1 0.0 -1
controller 2 1 0.0 -1
segment 6 8 1.3719084 5.0 0.5 0.2 0.95676523 0.5520525 0.948128
sensor -0.76604444 0.64278764 3.0 1.7 0
controller 0 1 0.0 -1
controller 1 1 0.0 -1
controller 2 1 0.0 -1
segment 9 6 1.118135 5.0 0.5 0.2 1.0 0.84542376 0.948128
sensor -0.76604444 0.64278764 3.0 1.7 0
controller 0 1 0.0 -1
controller 1 1 0.0 -1
controller 2 2 0.9160764 -1
segment 10 2 0.885269 5.0 0.5 0.1452783 0.3176961 0.8285728 0.0
sensor -0.76604444 0.64278764 3.0 1.0712199 0
controller 0 1 0.0 -1
controller 1 1 0.0 -1
controller 2 1 0.0 -1
segment 10 5 0.885269 5.0 0.5 0.1452783 0.3176961 0.8285728 0.0
sensor -0.76604444 -0.64278764 3.0 1.0712199 0
controller 0 1 0.0 -1
controller 1 1 0.0 -1
controller 2 1 0.0 -1
segment 10 11 1.0203786 5.0 0.5 0.1452783 0.3176961 0.8285728 0.0
sensor -0.76604444 0.64278764 3.0 1.9447522 0
controller 0 1 0.0 -1
controller 1 1 0.0 -1
controller 2 1 0.0 -1
segment 2 11 1.0203786 5.0 0.5 0.1452783 0.3176961 0.8285728 0.0
sensor -0.76604444 -0.64278764 3.0 1.9447522 0
controller 0 1 0.0 -1
controller 1 1 0.0 -1
controller 2 1 0.0 -1
creature_end
creature_start 10 12
color 0.0 0.0 255.0
phase 0.8017129
ids 10417 0 104786
carnivore false
point 41.015545 49.972885 1.0 false false false
point 40.882282 48.769714 1.0 false false true
point 41.508217 48.73866 1.0 false false false
point 41.38684 47.485653 1.0 false true false
point 41.095394 49.537704 1.0 false false false
point 42.077755 49.11128 1.0 false false false
point 41.40877 48.048298 1.0 false false false
point 41.13285 50.887157 1.0 false false false
point 40.994984 47.077366 1.0 false false false
point 41.676796 49.206074 1.0 false false false
segment 0 1 1.3153319 5.0 0.5 0.2 1.0 0.10176576 0.948128
sensor -0.76604444 0.64278764 3.0 1.7 0
controller 0 1 0.0 -1
controller 1 1 0.0 -1
controller 2 2 0.11246014 -1
segment 1 2 0.75845855 5.0 0.5 0.1452783 0.3176961 0.48652413 0.0
sensor -0.76604444 0.64278764 3.0 1.9447522 0
controller 0 1 0.0 -1
controller 1 1 0.0 -1
controller 2 1 0.0 -1
segment 1 3 1.2689388 5.0 0.5 0.1452783 1.0 0.8324182 1.0
sensor -0.76604444 -0.64278764 3.0 1.0712199 0
controller 0 1 0.0 -1
controller 1 1 0.0 -1
controller 2 1 0.0 -1
segment 2 4 0.86728334 5.0 0.5 0.029602682 0.3176961 0.9232956 0.0
sensor -0.76604444 0.64278764 3.0 1.0712199 0
controller 0 1 0.0 -1
controller 1 1 0.0 -1
controller 2 2 0.9160764 -1
segment 3 8 0.5373717 5.0 0.5 0.07022381 0.21067828 0.7689056 0.0
sensor -0.76604444 0.64278764 3.0 1.0712199 0
controller 0 1 0.0 -1
controller 1 1 0.0 -1
controller 2 1 0.0 -1
segment 2 5 0.72358024 5.0 0.5 0.1452783 0.3176961 0.378286 0.0
sensor -0.76604444 -0.64278764 3.0 1.0712199 1
controller 0 1 0.0 -1
controller 1 1 0.0 -1
controller 2 1 0.0 -1
segment 4 5 1.188535 5.0 0.5 0.1452783 0.3176961 0.80174714 0.0
sensor -0.76604444 0.64278764 3.0 1.0712199 0
controller 0 1 0.0 -1
controller 1 1 0.0 -1
controller 2 1 0.0 -1
segment 4 6 1.3459255 5.0 0.5 0.1452783 0.41698468 0.31732392 0.0
sensor -0.76604444 -0.64278764 3.0 1.0712199 0
controller 0 1 0.0 -1
controller 1 1 0.0 -1
controller 2 1 0.0 -1
segment 5 6 1.3459255 5.0 0.5 0.1452783 0.3176961 0.80174714 0.0
sensor -0.76604444 0.64278764 3.0 1.0712199 0
controller 0 2 0.008837342 -1
controller 1 1 0.0 -1
controller 2 1 0.0 -1
segment 6 8 1.3719084 5.0 0.5 0.2 1.0 0.10176576 0.948128
sensor -0.76604444 0.64278764 3.0 1.7 0
controller 0 1 0.0 -1
controller 1 1 0.0 -1
controller 2 2 0.9160764 -1
segment 9 6 1.118135 5.0 0.5 0.2 1.0 0.39513695 0.948128
sensor -0.76604444 0.64278764 3.0 1.7 0
controller 0 1 0.0 -1
controller 1 1 0.0 -1
controller 2 2 0.9160764 -1
segment 7 0 0.86728334 5.0 0.5 0.029602682 0.3176961 0.80174714 0.5247837
sensor -0.76604444 0.64278764 3.0 1.0712199 0
controller 0 1 0.0 -1
controller 1 1 0.0 -1
controller 2 1 0.0 -1
creature_end
creature_start 11 15
color 0.0 0.0 255.0
phase 0.56730217
ids 10475 0 104806
carnivore false
point 61.993145 43.362656 1.0 false false true
point 61.16132 43.434113 1.0 false false false
point 63.39761 43.49507 1.0 false true false
point 61.949455 41.934837 1.0 false false false
point 61.229546 42.68962 1.0 false false false
point 62.468235 43.182617 1.0 false false false
point 61.034325 42.592064 1.0 false false false
point 63.688515 43.883766 1.0 false false false
point 61.529842 42.829376 1.0 false false false
point 60.231556 43.05705 1.0 false false false
point 60.36885 44.231598 1.0 false false false
segment 6 0 1.3153319 5.0 0.5 0.2 1.0 0.0759044 0.948128
sensor -0.76604444 0.64278764 3.0 1.7 0
controller 0 1 0.0 -1
controller 1 1 0.0 -1
controller 2 2 0.11246014 -1
segment 0 1 0.75845855 5.0 0.5 0.1452783 0.3176961 0.46066284 0.0
sensor -0.76604444 0.64278764 3.0 1.9447522 0
controller 0 1 0.0 -1
controller 1 1 0.0 -1
controller 2 1 0.0 -1
segment 0 2 1.2689388 5.0 0.5 0.1452783 1.0 0.8065568 1.0
sensor -0.76604444 -0.64278764 3.0 1.0712199 0
controller 0 1 0.0 -1
controller 1 1 0.0 -1
controller 2 1 0.0 -1
segment 2 7 0.5373717 5.0 0.5 0.07022381 0.21067828 0.7430442 0.0
sensor -0.76604444 0.64278764 3.0 1.0712199 0
controller 0 1 0.0 -1
controller 1 1 0.0 -1
controller 2 1 0.0 -1
segment 1 4 0.72358024 5.0 0.5 0.1452783 0.3176961 0.3524248 0.0
sensor -0.76604444 -0.64278764 3.0 1.0712199 1
controller 0 1 0.0 -1
controller 1 1 0.0 -1
controller 2 1 0.0 -1
segment 3 4 1.188535 5.0 0.5 0.1452783 0.3176961 0.77588564 0.0
sensor -0.76604444 0.64278764 3.0 1.0712199 0
controller 0 1 0.0 -1
controller 1 1 0.0 -1
controller 2 1 0.0 -1
segment 3 6 1.3310516 5.0 0.5 0.1452783 0.96957415 0.77588564 0.0
sensor -0.76604444 -0.64278764 3.0 1.0712199 0
controller 0 1 0.0 -1
controller 1 1 0.0 -1
controller 2 2 0.9160764 -1
segment 3 5 1.3459255 5.0 0.5 0.1452783 0.41698468 0.29146266 0.0
sensor -0.76604444 -0.64278764 3.0 1.0712199 0
controller 0 1 0.0 -1
controller 1 1 0.0 -1
controller 2 1 0.0 -1
segment 4 5 1.3459255 5.0 0.5 0.1452783 0.3176961 0.77588564 0.0
sensor -0.76604444 0.64278764 3.0 1.0712199 0
controller 0 2 0.008837342 -1
controller 1 1 0.0 -1
controller 2 1 0.0 -1
segment 5 7 1.3719084 5.0 0.5 0.2 0.95676523 0.0759044 0.948128
sensor -0.76604444 0.64278764 3.0 1.7 0
controller 0 1 0.0 -1
controller 1 1 0.0 -1
controller 2 1 0.0 -1
segment 8 5 1.118135 5.0 0.5 0.2 1.0 0.36927575 0.948128
sensor -0.76604444 0.64278764 3.0 1.7 0
controller 0 1 0.0 -1
controller 1 1 0.0 -1
controller 2 2 0.9160764 -1
segment 9 1 0.885269 5.0 0.5 0.1452783 0.3176961 0.3524248 0.1318016
sensor -0.76604444 0.64278764 3.0 1.0712199 0
controller 0 1 0.0 -1
controller 1 1 0.0 -1
controller 2 1 0.0 -1
segment 9 4 0.885269 5.0 0.5 0.1452783 0.3176961 0.3524248 0.0
sensor -0.76604444 -0.64278764 3.0 1.0712199 0
controller 0 1 0.0 -1
controller 1 1 0.0 -1
controller 2 1 0.0 -1
segment 9 10 1.0203786 5.0 0.5 0.1452783 0.3176961 0.3524248 0.0
sensor -0.76604444 0.64278764 3.0 1.9447522 0
controller 0 1 0.0 -1
controller 1 1 0.0 -1
controller 2 1 0.0 -1
segment 1 10 1.0203786 5.0 0.5 0.1452783 0.3176961 0.3524248 0.0
sensor -0.76604444 -0.64278764 3.0 1.9447522 0
controller 0 1 0.0 -1
controller 1 1 0.0 -1
controller 2 1 0.0 -1
creature_end
creature_start 12 15
color 255.0 0.0 0.0
phase 0.57998
ids 10378 0 104858
carnivore true
point 10.988464 45.29152 1.0 false false false
point 11.960673 44.131554 1.0 false false true
point 11.402803 44.66727 1.0 false false false
point 12.666178 43.160347 1.0 false true false
point 10.155781 43.446003 1.0 false false false
point 10.72179 44.683907 1.0 false false false
point 11.391036 43.37382 1.0 false false false
point 9.3238535 44.60208 1.0 false false false
point 13.055663 42.909195 1.0 false false false
point 10.795615 44.442204 1.0 false false false
point 11.004654 45.362717 1.0 false false false
point 11.884503 45.444145 1.0 false false false
segment 0 1 1.3153319 5.0 0.5 0.2 1.0 0.71796083 0.948128
sensor -0.76604444 0.64278764 3.0 1.7 0
controller 0 1 0.0 -1
controller 1 1 0.0 -1
controller 2 2 0.11246014 -1
segment 1 2 0.75845855 5.0 0.5 0.1452783 0.3176961 0.10271914 0.0
sensor -0.76604444 0.64278764 3.0 1.9447522 0
controller 0 1 0.0 -1
controller 1 1 0.0 -1
controller 2 1 0.0 -1
segment 1 3 1.2689388 5.0 0.5 0.1452783 1.0 0.4486132 1.0
sensor -0.76604444 -0.64278764 3.0 1.0712199 0
controller 0 1 0.0 -1
controller 1 1 0.0 -1
controller 2 1 0.0 -1
segment 3 8 0.5373717 5.0 0.5 0.07022381 0.21067828 0.3851006 0.0
sensor -0.76604444 0.64278764 3.0 1.0712199 0
controller 0 1 0.0 -1
controller 1 1 0.0 -1
controller 2 1 0.0 -1
segment 2 5 0.72358024 5.0 0.5 0.1452783 0.3176961 0.99448115 0.0
sensor -0.76604444 -0.64278764 3.0 1.0712199 1
controller 0 1 0.0 -1
controller 1 1 0.0 -1
controller 2 1 0.0 -1
segment 4 5 1.188535 5.0 0.5 0.1452783 0.3176961 0.41794205 0.0
sensor -0.76604444 0.64278764 3.0 1.0712199 0
controller 0 1 0.0 -1
controller 1 1 0.0 -1
controller 2 1 0.0 -1
segment 4 7 1.3310516 5.0 0.5 0.1452783 0.96957415 0.41794205 0.0
sensor -0.76604444 -0.64278764 3.0 1.0712199 0
controller 0 1 0.0 -1
controller 1 1 0.0 -1
controller 2 2 0.9160764 -1
segment 4 6 1.3459255 5.0 0.5 0.1452783 0.41698468 0.933519 0.0
sensor -0.76604444 -0.64278764 3.0 1.0712199 0
controller 0 1 0.0 -1
controller 1 1 0.0 -1
controller 2 1 0.0 -1
segment 5 6 1.3459255 5.0 0.5 0.1452783 0.3176961 0.41794205 0.0
sensor -0.76604444 0.64278764 3.0 1.0712199 0
controller 0 2 0.008837342 -1
controller 1 1 0.0 -1
controller 2 1 0.0 -1
segment 6 8 1.3719084 5.0 0.5 0.2 0.95676523 0.71796083 0.948128
sensor -0.76604444 0.64278764 3.0 1.7 0
controller 0 1 0.0 -1
controller 1 1 0.0 -1
controller 2 1 0.0 -1
segment 9 6 1.118135 5.0 0.5 0.2 1.0 0.011332154 0.948128
sensor -0.76604444 0.64278764 3.0 1.7 0
controller 0 1 0.0 -1
controller 1 1 0.0 -1
controller 2 2 0.9160764 -1
segment 10 2 0.885269 5.0 0.5 0.1452783 0.3176961 0.99448115 0.0
sensor -0.76604444 0.64278764 3.0 1.0712199 0
controller 0 1 0.0 -1
controller 1 1 0.0 -1
controller 2 1 0.0 -1
segment 10 5 0.885269 5.0 0.5 0.1452783 0.3176961 0.99448115 0.0
sensor -0.76604444 -0.64278764 3.0 1.0712199 0
controller 0 1 0.0 -1
controller 1 1 0.0 -1
controller 2 1 0.0 -1
segment 10 11 1.0203786 5.0 0.5 0.1452783 0.3176961 0.99448115 0.0
sensor -0.76604444 0.64278764 3.0 1.9447522 0
controller 0 1 0.0 -1
controller 1 1 0.0 -1
controller 2 1 0.0 -1
segment 2 11 1.0203786 5.0 0.5 0.1452783 0.3176961 0.99448115 0.0
sensor -0.76604444 -0.64278764 3.0 1.9447522 0
controller 0 1 0.0 -1
controller 1 1 0.0 -1
controller 2 1 0.0 -1
creature_end
creature_start 10 12
color 0.0 0.0 255.0
phase 0.09390771
ids 10417 0 104861
carnivore false
point 10.26555 22.52987 1.0 false false false
point 11.738357 23.072105 1.0 false false true
point 10.991496 22.759512 1.0 false false false
point 13.02185 23.665802 1.0 false true false
point 11.304329 22.074324 1.0 false false false
point 10.906024 23.389791 1.0 false false false
point 12.201494 22.808062 1.0 false false false
point 9.36289 22.322691 1.0 false false false
point 13.421908 23.912159 1.0 false false false
point 11.384753 22.419113 1.0 false false false
segment 0 1 1.3153319 5.0 0.5 0.2 1.0 0.37333485 0.948128
sensor -0.76604444 0.64278764 3.0 1.7 0
controller 0 1 0.0 -1
controller 1 1 0.0 -1
controller 2 2 0.11246014 -1
segment 1 2 0.75845855 5.0 0.5 0.1452783 0.3176961 0.75809324 0.0
sensor -0.76604444 0.64278764 3.0 1.9447522 0
controller 0 1 0.0 -1
controller 1 1 0.0 -1
controller 2 1 0.0 -1
segment 1 3 1.2689388 5.0 0.5 0.1452783 1.0 0.103987195 1.0
sensor -0.76604444 -0.64278764 3.0 1.0712199 0
controller 0 1 0.0 -1
controller 1 1 0.0 -1
controller 2 1 0.0 -1
segment 2 4 0.86728334 5.0 0.5 0.029602682 0.3176961 0.19486469 0.0
sensor -0.76604444 0.64278764 3.0 1.0712199 0
controller 0 1 0.0 -1
controller 1 1 0.0 -1
controller 2 2 0.9160764 -1
segment 3 8 0.5373717 5.0 0.5 0.07022381 0.21067828 0.040474653 0.0
sensor -0.76604444 0.64278764 3.0 1.0712199 0
controller 0 1 0.0 -1
controller 1 1 0.0 -1
controller 2 1 0.0 -1
segment 2 5 0.72358024 5.0 0.5 0.1452783 0.3176961 0.64985514 0.0
sensor -0.76604444 -0.64278764 3.0 1.0712199 1
controller 0 1 0.0 -1
controller 1 1 0.0 -1
controller 2 1 0.0 -1
segment 4 5 1.188535 5.0 0.5 0.1452783 0.3176961 0.07331616 0.0
sensor -0.76604444 0.64278764 3.0 1.0712199 0
controller 0 1 0.0 -1
controller 1 1 0.0 -1
controller 2 1 0.0 -1
segment 4 6 1.3459255 5.0 0.5 0.1452783 0.41698468 0.58889306 0.0
sensor -0.76604444 -0.64278764 3.0 1.0712199 0
controller 0 1 0.0 -1
controller 1 1 0.0 -1
controller 2 1 0.0 -1
segment 5 6 1.3459255 5.0 0.5 0.1452783 0.3176961 0.07331616 0.0
sensor -0.76604444 0.64278764 3.0 1.0712199 0
controller 0 2 0.008837342 -1
controller 1 1 0.0 -1
controller 2 1 0.0 -1
segment 6 8 1.3719084 5.0 0.5 0.2 1.0 0.37333485 0.948128
sensor -0.76604444 0.64278764 3.0 1.7 0
controller 0 1 0.0 -1
controller 1 1 0.0 -1
controller 2 2 0.9160764 -1
segment 9 6 1.118135 5.0 0.5 0.2 1.0 0.6667061 0.948128
sensor -0.76604444 0.64278764 3.0 1.7 0
controller 0 1 0.0 -1
controller 1 1 0.0 -1
controller 2 2 0.9160764 -1
segment 7 0 0.86728334 5.0 0.5 0.029602682 0.3176961 0.07331616 0.5247837
sensor -0.76604444 0.64278764 3.0 1.0712199 0
controller 0 1 0.0 -1
controller 1 1 0.0 -1
controller 2 1 0.0 -1
creature_end
creature_start 10 12
color 0.0 0.0 255.0
phase 0.8455997
ids 10480 0 104863
carnivore false
point 32.528183 21.822914 1.0 false false false
point 31.334463 21.639372 1.0 false false true
point 31.489775 21.016518 1.0 false false false
point 30.205133 20.820635 1.0 false true false
point 32.161297 21.5905 1.0 false false false
point 31.974697 20.539192 1.0 false false false
point 30.775293 20.941137 1.0 false false false
point 33.449627 21.953876 1.0 false false false
point 29.724924 21.127491 1.0 false false false
point 31.953667 21.007257 1.0 false false false
segment 0 1 1.3153319 5.0 0.5 0.2 1.0 0.04282893 0.948128
sensor -0.76604444 0.64278764 3.0 1.7 0
controller 0 1 0.0 -1
controller 1 1 0.0 -1
controller 2 2 0.11246014 -1
segment 1 2 0.75845855 5.0 0.5 0.1452783 0.3176961 0.42758736 0.0
sensor -0.76604444 0.64278764 3.0 1.9447522 0
controller 0 1 0.0 -1
controller 1 1 0.0 -1
controller 2 1 0.0 -1
segment 1 3 1.2689388 5.0 0.5 0.1452783 1.0 0.7734814 1.0
sensor -0.76604444 -0.64278764 3.0 1.0712199 0
controller 0 1 0.0 -1
controller 1 1 0.0 -1
controller 2 1 0.0 -1
segment 2 4 0.86728334 5.0 0.5 0.029602682 0.3176961 0.86435884 0.0
sensor -0.76604444 0.64278764 3.0 1.0712199 0
controller 0 1 0.0 -1
controller 1 1 0.0 -1
controller 2 2 0.9160764 -1
segment 3 8 0.5373717 5.0 0.5 0.07022381 0.21067828 0.5099318 0.0
sensor -0.76604444 0.64278764 3.0 1.0712199 0
controller 0 1 0.0 -1
controller 1 1 0.0 -1
controller 2 1 0.0 -1
segment 2 5 0.72358024 5.0 0.5 0.1452783 0.3176961 0.3193492 0.0
sensor -0.76604444 -0.64278764 3.0 1.0712199 1
controller 0 1 0.0 -1
controller 1 1 0.0 -1
controller 2 1 0.0 -1
segment 4 5 1.188535 5.0 0.5 0.1452783 0.3176961 0.74281037 0.0
sensor -0.76604444 0.64278764 3.0 1.0712199 0
controller 0 1 0.0 -1
controller 1 1 0.0 -1
controller 2 1 0.0 -1
segment 4 6 1.3459255 5.0 0.5 0.1452783 0.41698468 0.2583871 0.0
sensor -0.76604444 -0.64278764 3.0 1.0712199 0
controller 0 1 0.0 -1
controller 1 1 0.0 -1
controller 2 1 0.0 -1
segment 5 6 1.3459255 5.0 0.5 0.1452783 0.3176961 0.74281037 0.0
sensor -0.76604444 0.64278764 3.0 1.0712199 0
controller 0 2 0.008837342 -1
controller 1 1 0.0 -1
controller 2 1 0.0 -1
segment 6 8 1.3719084 5.0 0.5 0.2 1.0 0.04282893 0.948128
sensor -0.76604444 0.64278764 3.0 1.7 0
controller 0 1 0.0 -1
controller 1 1 0.0 -1
controller 2 2 0.9160764 -1
segment 9 6 1.118135 5.0 0.5 0.2 1.0 0.33620015 0.948128
sensor -0.76604444 0.64278764 3.0 1.7 0
controller 0 1 0.0 -1
controller 1 1 0.0 -1
controller 2 2 0.9160764 -1
segment 7 0 0.86728334 5.0 0.5 0.029602682 0.3176961 0.74281037 0.5247837
sensor -0.76604444 0.64278764 3.0 1.0712199 0
controller 0 1 0.0 -1
controller 1 1 0.0 -1
controller 2 1 0.0 -1
creature_end
creature_start 12 15
color 255.0 0.0 0.0
phase 0.4893747
ids 10378 0 104867
carnivore true
point 16.500938 4.7004395 1.0 false false false
point 15.111566 4.9508142 1.0 false false true
point 15.793814 4.725046 1.0 false false false
point 14.035832 5.176591 1.0 false true false
point 16.151537 6.556531 1.0 false false false
point 16.271345 5.2029495 1.0 false false false
point 15.023527 5.870689 1.0 false false false
point 17.555054 6.024954 1.0 false false false
point 13.505786 5.362037 1.0 false false false
point 16.239017 5.322389 1.0 false false false
point 16.543793 4.5453877 1.0 false false false
point 16.067854 3.8518083 1.0 false false false
segment 0 1 1.3153319 5.0 0.5 0.2 1.0 0.69972354 0.948128
sensor -0.76604444 0.64278764 3.0 1.7 0
controller 0 1 0.0 -1
controller 1 1 0.0 -1
controller 2 2 0.11246014 -1
segment 1 2 0.75845855 5.0 0.5 0.1452783 0.3176961 0.084481865 0.0
sensor -0.76604444 0.64278764 3.0 1.9447522 0
controller 0 1 0.0 -1
controller 1 1 0.0 -1
controller 2 1 0.0 -1
segment 1 3 1.2689388 5.0 0.5 0.1452783 1.0 0.4303759 1.0
sensor -0.76604444 -0.64278764 3.0 1.0712199 0
controller 0 1 0.0 -1
controller 1 1 0.0 -1
controller 2 1 0.0 -1
segment 3 8 0.5373717 5.0 0.5 0.07022381 0.21067828 0.3668633 0.0
sensor -0.76604444 0.64278764 3.0 1.0712199 0
controller 0 1 0.0 -1
controller 1 1 0.0 -1
controller 2 1 0.0 -1
segment 2 5 0.72358024 5.0 0.5 0.1452783 0.3176961 0.97624385 0.0
sensor -0.76604444 -0.64278764 3.0 1.0712199 1
controller 0 1 0.0 -1
controller 1 1 0.0 -1
controller 2 1 0.0 -1
segment 4 5 1.188535 5.0 0.5 0.1452783 0.3176961 0.39970475 0.0
sensor -0.76604444 0.64278764 3.0 1.0712199 0
controller 0 1 0.0 -1
controller 1 1 0.0 -1
controller 2 1 0.0 -1
segment 4 7 1.3310516 5.0 0.5 0.1452783 0.96957415 0.39970475 0.0
sensor -0.76604444 -0.64278764 3.0 1.0712199 0
controller 0 1 0.0 -1
controller 1 1 0.0 -1
controller 2 2 0.9160764 -1
segment 4 6 1.3459255 5.0 0.5 0.1452783 0.41698468 0.9152817 0.0
sensor -0.76604444 -0.64278764 3.0 1.0712199 0
controller 0 1 0.0 -1
controller 1 1 0.0 -1
controller 2 1 0.0 -1
segment 5 6 1.3459255 5.0 0.5 0.1452783 0.3176961 0.39970475 0.0
sensor -0.76604444 0.64278764 3.0 1.0712199 0
controller 0 2 0.008837342 -1
controller 1 1 0.0 -1
controller 2 1 0.0 -1
segment 6 8 1.3719084 5.0 0.5 0.2 0.95676523 0.69972354 0.948128
sensor -0.76604444 0.64278764 3.0 1.7 0
controller 0 1 0.0 -1
controller 1 1 0.0 -1
controller 2 1 0.0 -1
segment 9 6 1.118135 5.0 0.5 0.2 1.0 0.99309486 0.948128
sensor -0.76604444 0.64278764 3.0 1.7 0
controller 0 1 0.0 -1
controller 1 1 0.0 -1
controller 2 2 0.9160764 -1
segment 10 2 0.885269 5.0 0.5 0.1452783 0.3176961 0.97624385 0.0
sensor -0.76604444 0.64278764 3.0 1.0712199 0
controller 0 1 0.0 -1
controller 1 1 0.0 -1
controller 2 1 0.0 -1
segment 10 5 0.885269 5.0 0.5 0.1452783 0.3176961 0.97624385 0.0
sensor -0.76604444 -0.64278764 3.0 1.0712199 0
controller 0 1 0.0 -1
controller 1 1 0.0 -1
controller 2 1 0.0 -1
segment 10 11 1.0203786 5.0 0.5 0.1452783 0.3176961 0.97624385 0.0
sensor -0.76604444 0.64278764 3.0 1.9447522 0
controller 0 1 0.0 -1
controller 1 1 0.0 -1
controller 2 1 0.0 -1
segment 2 11 1.0203786 5.0 0.5 0.1452783 0.3176961 0.97624385 0.0
sensor -0.76604444 -0.64278764 3.0 1.9447522 0
controller 0 1 0.0 -1
controller 1 1 0.0 -1
controller 2 1 0.0 -1
creature_end
creature_start 11 13
color 0.0 0.0 255.0
phase 0.59294873
ids 10470 0 104871
carnivore false
point 36.531143 29.6819 1.0 false false false
point 35.209675 29.18351 1.0 false false true
point 35.90997 29.362257 1.0 false false false
point 34.23916 28.731276 1.0 false true false
point 36.051 31.02815 1.0 false false false
point 36.494194 29.714792 1.0 false false false
point 35.104023 30.143814 1.0 false false false
point 37.364376 31.74597 1.0 false false false
point 33.779076 29.076563 1.0 false false false
point 36.39435 30.165142 1.0 false false false
point 36.515728 28.879272 1.0 false false false
segment 0 1 1.3153319 5.0 0.5 0.2 1.0 0.64475954 0.948128
sensor -0.76604444 0.64278764 3.0 1.7 0
controller 0 1 0.0 -1
controller 1 1 0.0 -1
controller 2 2 0.11246014 -1
segment 1 2 0.75845855 5.0 0.5 0.1452783 0.3176961 0.029518008 0.0
sensor -0.76604444 0.64278764 3.0 1.9447522 0
controller 0 1 0.0 -1
controller 1 1 0.0 -1
controller 2 1 0.0 -1
segment 1 3 1.2689388 5.0 0.5 0.1452783 1.0 0.375412 1.0
sensor -0.76604444 -0.64278764 3.0 1.0712199 0
controller 0 1 0.0 -1
controller 1 1 0.0 -1
controller 2 1 0.0 -1
segment 3 8 0.5373717 5.0 0.5 0.015049028 0.21067828 0.3118993 0.41325647
sensor -0.76604444 0.64278764 3.0 1.0712199 0
controller 0 1 0.0 -1
controller 1 1 0.0 -1
controller 2 1 0.0 -1
segment 2 5 0.72358024 5.0 0.5 0.1452783 0.3176961 0.9212799 0.0
sensor -0.76604444 -0.64278764 3.0 1.0712199 0
controller 0 1 0.0 -1
controller 1 1 0.0 -1
controller 2 1 0.0 -1
segment 4 5 1.188535 5.0 0.5 0.1452783 0.3176961 0.34474075 0.0
sensor -0.76604444 0.64278764 3.0 1.0712199 0
controller 0 1 0.0 -1
controller 1 1 0.0 -1
controller 2 1 0.0 -1
segment 4 7 1.3310516 5.0 0.5 0.1452783 0.96957415 0.34474075 0.0
sensor -0.76604444 -0.64278764 3.0 1.0712199 0
controller 0 1 0.0 -1
controller 1 1 0.0 -1
controller 2 2 0.9160764 -1
segment 4 6 1.3459255 5.0 0.5 0.1452783 0.41698468 0.86031777 0.0
sensor -0.76604444 -0.64278764 3.0 1.0712199 0
controller 0 1 0.0 -1
controller 1 1 0.0 -1
controller 2 1 0.0 -1
segment 5 6 1.3459255 5.0 0.5 0.1452783 0.3176961 0.34474075 0.0
sensor -0.76604444 0.64278764 3.0 1.0712199 0
controller 0 2 0.008837342 -1
controller 1 1 0.0 -1
controller 2 1 0.0 -1
segment 6 8 1.3719084 5.0 0.5 0.2 0.95676523 0.64475954 0.948128
sensor -0.76604444 0.64278764 3.0 1.7 0
controller 0 1 0.0 -1
controller 1 1 0.0 -1
controller 2 1 0.0 -1
segment 9 6 1.118135 5.0 0.5 0.2 1.0 0.93813086 0.948128
sensor -0.76604444 0.64278764 3.0 1.7 0
controller 0 1 0.0 -1
controller 1 1 0.0 -1
controller 2 2 0.9160764 -1
segment 10 2 0.885269 5.0 0.5 0.1452783 0.3176961 0.9212799 0.0
sensor -0.76604444 0.64278764 3.0 1.0712199 0
controller 0 1 0.0 -1
controller 1 1 0.0 -1
controller 2 2 -0.48563504 -1
segment 10 5 0.885269 5.0 0.5 0.041142024 0.3176961 0.9212799 0.0
sensor -0.76604444 -0.64278764 3.0 1.0712199 0
controller 0 1 0.0 -1
controller 1 1 0.0 -1
controller 2 1 0.0 -1
creature_end
creature_start 10 12
color 0.0 0.0 255.0
phase 0.82037944
ids 10417 0 104875
carnivore false
point 38.564804 7.560736 1.0 false false false
point 39.66035 8.015288 1.0 false false true
point 39.400562 8.604582 1.0 false false false
point 40.535576 9.13255 1.0 false true false
point 38.9852 7.7990007 1.0 false false false
point 38.747906 8.829842 1.0 false false false
point 40.011383 8.913848 1.0 false false false
point 37.707676 7.215046 1.0 false false false
point 41.065094 8.968787 1.0 false false false
point 38.948647 8.457346 1.0 false false false
segment 0 1 1.3153319 5.0 0.5 0.2 1.0 0.054291233 0.948128
sensor -0.76604444 0.64278764 3.0 1.7 0
controller 0 1 0.0 -1
controller 1 1 0.0 -1
controller 2 2 0.11246014 -1
segment 1 2 0.75845855 5.0 0.5 0.1452783 0.3176961 0.43904966 0.0
sensor -0.76604444 0.64278764 3.0 1.9447522 0
controller 0 1 0.0 -1
controller 1 1 0.0 -1
controller 2 1 0.0 -1
segment 1 3 1.2689388 5.0 0.5 0.1452783 1.0 0.7849437 1.0
sensor -0.76604444 -0.64278764 3.0 1.0712199 0
controller 0 1 0.0 -1
controller 1 1 0.0 -1
controller 2 1 0.0 -1
segment 2 4 0.86728334 5.0 0.5 0.029602682 0.3176961 0.8758211 0.0
sensor -0.76604444 0.64278764 3.0 1.0712199 0
controller 0 1 0.0 -1
controller 1 1 0.0 -1
controller 2 2 0.9160764 -1
segment 3 8 0.5373717 5.0 0.5 0.07022381 0.21067828 0.7214311 0.0
sensor -0.76604444 0.64278764 3.0 1.0712199 0
controller 0 1 0.0 -1
controller 1 1 0.0 -1
controller 2 1 0.0 -1
segment 2 5 0.72358024 5.0 0.5 0.1452783 0.3176961 0.3308115 0.0
sensor -0.76604444 -0.64278764 3.0 1.0712199 1
controller 0 1 0.0 -1
controller 1 1 0.0 -1
controller 2 1 0.0 -1
segment 4 5 1.188535 5.0 0.5 0.1452783 0.3176961 0.75427264 0.0
sensor -0.76604444 0.64278764 3.0 1.0712199 0
controller 0 1 0.0 -1
controller 1 1 0.0 -1
controller 2 1 0.0 -1
segment 4 6 1.3459255 5.0 0.5 0.1452783 0.41698468 0.26984942 0.0
sensor -0.76604444 -0.64278764 3.0 1.0712199 0
controller 0 1 0.0 -1
controller 1 1 0.0 -1
controller 2 1 0.0 -1
segment 5 6 1.3459255 5.0 0.5 0.1452783 0.3176961 0.75427264 0.0
sensor -0.76604444 0.64278764 3.0 1.0712199 0
controller 0 2 0.008837342 -1
controller 1 1 0.0 -1
controller 2 1 0.0 -1
segment 6 8 1.3719084 5.0 0.5 0.2 1.0 0.054291233 0.948128
sensor -0.76604444 0.64278764 3.0 1.7 0
controller 0 1 0.0 -1
controller 1 1 0.0 -1
controller 2 2 0.9160764 -1
segment 9 6 1.118135 5.0 0.5 0.2 1.0 0.34766245 0.948128
sensor -0.76604444 0.64278764 3.0 1.7 0
controller 0 1 0.0 -1
controller 1 1 0.0 -1
controller 2 2 0.9160764 -1
segment 7 0 0.86728334 5.0 0.5 0.029602682 0.3176961 0.75427264 0.5247837
sensor -0.76604444 0.64278764 3.0 1.0712199 0
controller 0 1 0.0 -1
controller 1 1 0.0 -1
controller 2 1 0.0 -1
creature_end
creature_start 11 15
color 255.0 0.0 0.0
phase 0.41810322
ids 10474 0 104879
carnivore true
point 42.439476 35.30538 1.0 false false false
point 42.698162 34.172592 1.0 false false true
point 42.299183 34.805637 1.0 false false false
point 43.15972 33.044235 1.0 false true false
point 40.79509 33.824154 1.0 false false false
point 41.502113 34.80563 1.0 false false false
point 42.321056 33.923107 1.0 false false false
point 41.604824 34.931576 1.0 false false false
point 43.376034 33.53518 1.0 false false false
point 41.90032 35.623146 1.0 false false false
point 41.24387 35.463295 1.0 false false false
segment 0 1 1.3153319 5.0 0.5 0.2 1.0 0.53865415 0.948128
sensor -0.76604444 0.64278764 3.0 1.7 0
controller 0 1 0.0 -1
controller 1 1 0.0 -1
controller 2 2 0.11246014 -1
segment 1 2 0.75845855 5.0 0.5 0.1452783 0.3176961 0.9234127 0.0
sensor -0.76604444 0.64278764 3.0 1.9447522 0
controller 0 1 0.0 -1
controller 1 1 0.0 -1
controller 2 1 0.0 -1
segment 1 3 1.2689388 5.0 0.5 0.1452783 1.0 0.2693066 1.0
sensor -0.76604444 -0.64278764 3.0 1.0712199 0
controller 0 1 0.0 -1
controller 1 1 0.0 -1
controller 2 1 0.0 -1
segment 3 8 0.5373717 5.0 0.5 0.07022381 0.21067828 0.20579392 0.41325647
sensor -0.76604444 0.64278764 3.0 1.0712199 0
controller 0 1 0.0 -1
controller 1 1 0.0 -1
controller 2 1 0.0 -1
segment 2 5 0.72358024 5.0 0.5 0.1452783 0.3176961 0.8151745 0.0
sensor -0.76604444 -0.64278764 3.0 1.0712199 1
controller 0 1 0.0 -1
controller 1 1 0.0 -1
controller 2 1 0.0 -1
segment 4 5 1.188535 5.0 0.5 0.1452783 0.3176961 0.23863536 0.0
sensor -0.76604444 0.64278764 3.0 1.0712199 0
controller 0 1 0.0 -1
controller 1 1 0.0 -1
controller 2 1 0.0 -1
segment 4 7 1.3310516 5.0 0.5 0.1452783 0.96957415 0.23863536 0.0
sensor -0.76604444 -0.64278764 3.0 1.0712199 0
controller 0 1 0.0 -1
controller 1 1 0.0 -1
controller 2 2 0.9160764 -1
segment 4 6 1.3459255 5.0 0.5 0.1452783 0.41698468 0.7542124 0.0
sensor -0.76604444 -0.64278764 3.0 1.0712199 0
controller 0 1 0.0 -1
controller 1 1 0.0 -1
controller 2 1 0.0 -1
segment 5 6 1.3459255 5.0 0.5 0.1452783 0.3176961 0.23863536 0.0
sensor -0.76604444 0.64278764 3.0 1.0712199 0
controller 0 2 0.008837342 -1
controller 1 1 0.0 -1
controller 2 1 0.0 -1
segment 6 8 1.3719084 5.0 0.5 0.2 0.95676523 0.53865415 0.948128
sensor -0.76604444 0.64278764 3.0 1.7 0
controller 0 1 0.0 -1
controller 1 1 0.0 -1
controller 2 1 0.0 -1
segment 7 6 1.118135 5.0 0.5 0.2 1.0 0.83202547 0.948128
sensor -0.76604444 0.64278764 3.0 1.7 0
controller 0 1 0.0 -1
controller 1 1 0.0 -1
controller 2 2 0.9160764 -1
segment 9 2 0.885269 5.0 0.5 0.1452783 0.3176961 0.8151745 0.0
sensor -0.76604444 0.64278764 3.0 1.0712199 0
controller 0 1 0.0 -1
controller 1 1 0.0 -1
controller 2 2 -0.48563504 -1
segment 9 5 0.885269 5.0 0.5 0.1452783 0.3176961 0.8151745 0.0
sensor -0.76604444 -0.64278764 3.0 1.0712199 0
controller 0 1 0.0 -1
controller 1 1 0.0 -1
controller 2 1 0.0 -1
segment 9 10 0.6997931 5.0 0.5 0.13115606 0.3176961 0.8151745 0.0
sensor -0.76604444 -0.64278764 3.0 1.0712199 0
controller 0 1 0.0 -1
controller 1 1 0.0 -1
controller 2 1 0.0 -1
segment 5 10 0.6997931 5.0 0.5 0.1452783 0.3176961 0.8151745 0.0
sensor -0.76604444 0.64278764 3.0 1.0712199 0
controller 0 1 0.0 -1
controller 1 1 0.0 -1
controller 2 1 0.0 -1
creature_end
creature_start 12 15
color 255.0 0.0 0.0
phase 0.4647291
ids 10378 0 104880
carnivore true
point 40.837578 11.017161 1.0 false false false
point 41.20834 12.267888 1.0 false false true
point 40.72228 11.726366 1.0 false false false
point 41.679543 13.260396 1.0 false true false
point 42.60409 11.423089 1.0 false false false
point 41.31073 11.392417 1.0 false false false
point 41.90609 12.608811 1.0 false false false
point 42.230907 9.9481 1.0 false false false
point 41.416725 13.862804 1.0 false false false
point 41.465298 11.363422 1.0 false false false
point 40.759666 10.9308815 1.0 false false false
point 39.948364 11.171235 1.0 false false false
segment 0 1 1.3153319 5.0 0.5 0.2 1.0 0.6411307 0.948128
sensor -0.76604444 0.64278764 3.0 1.7 0
controller 0 1 0.0 -1
controller 1 1 0.0 -1
controller 2 2 0.11246014 -1
segment 1 2 0.75845855 5.0 0.5 0.1452783 0.3176961 0.025889039 0.0
sensor -0.76604444 0.64278764 3.0 1.9447522 0
controller 0 1 0.0 -1
controller 1 1 0.0 -1
controller 2 1 0.0 -1
segment 1 3 1.2689388 5.0 0.5 0.1452783 1.0 0.3717831 1.0
sensor -0.76604444 -0.64278764 3.0 1.0712199 0
controller 0 1 0.0 -1
controller 1 1 0.0 -1
controller 2 1 0.0 -1
segment 3 8 0.5373717 5.0 0.5 0.07022381 0.21067828 0.3082705 0.0
sensor -0.76604444 0.64278764 3.0 1.0712199 0
controller 0 1 0.0 -1
controller 1 1 0.0 -1
controller 2 1 0.0 -1
segment 2 5 0.72358024 5.0 0.5 0.1452783 0.3176961 0.917651 0.0
sensor -0.76604444 -0.64278764 3.0 1.0712199 1
controller 0 1 0.0 -1
controller 1 1 0.0 -1
controller 2 1 0.0 -1
segment 4 5 1.188535 5.0 0.5 0.1452783 0.3176961 0.34111196 0.0
sensor -0.76604444 0.64278764 3.0 1.0712199 0
controller 0 1 0.0 -1
controller 1 1 0.0 -1
controller 2 1 0.0 -1
segment 4 7 1.3310516 5.0 0.5 0.1452783 0.96957415 0.34111196 0.0
sensor -0.76604444 -0.64278764 3.0 1.0712199 0
controller 0 1 0.0 -1
controller 1 1 0.0 -1
controller 2 2 0.9160764 -1
segment 4 6 1.3459255 5.0 0.5 0.1452783 0.41698468 0.85668886 0.0
sensor -0.76604444 -0.64278764 3.0 1.0712199 0
controller 0 1 0.0 -1
controller 1 1 0.0 -1
controller 2 1 0.0 -1
segment 5 6 1.3459255 5.0 0.5 0.1452783 0.3176961 0.34111196 0.0
sensor -0.76604444 0.64278764 3.0 1.0712199 0
controller 0 2 0.008837342 -1
controller 1 1 0.0 -1
controller 2 1 0.0 -1
segment 6 8 1.3719084 5.0 0.5 0.2 0.95676523 0.6411307 0.948128
sensor -0.76604444 0.64278764 3.0 1.7 0
controller 0 1 0.0 -1
controller 1 1 0.0 -1
controller 2 1 0.0 -1
segment 9 6 1.118135 5.0 0.5 0.2 1.0 0.93450195 0.948128
sensor -0.76604444 0.64278764 3.0 1.7 0
controller 0 1 0.0 -1
controller 1 1 0.0 -1
controller 2 2 0.9160764 -1
segment 10 2 0.885269 5.0 0.5 0.1452783 0.3176961 0.917651 0.0
sensor -0.76604444 0.64278764 3.0 1.0712199 0
controller 0 1 0.0 -1
controller 1 1 0.0 -1
controller 2 1 0.0 -1
segment 10 5 0.885269 5.0 0.5 0.1452783 0.3176961 0.917651 0.0
sensor -0.76604444 -0.64278764 3.0 1.0712199 0
controller 0 1 0.0 -1
controller 1 1 0.0 -1
controller 2 1 0.0 -1
segment 10 11 1.0203786 5.0 0.5 0.1452783 0.3176961 0.917651 0.0
sensor -0.76604444 0.64278764 3.0 1.9447522 0
controller 0 1 0.0 -1
controller 1 1 0.0 -1
controller 2 1 0.0 -1
segment 2 11 1.0203786 5.0 0.5 0.1452783 0.3176961 0.917651 0.0
sensor -0.76604444 -0.64278764 3.0 1.9447522 0
controller 0 1 0.0 -1
controller 1 1 0.0 -1
controller 2 1 0.0 -1
creature_end
creature_start 12 15
color 255.0 0.0 0.0
phase 0.24506335
ids 10378 0 104885
carnivore true
point 32.627502 23.722157 1.0 false false false
point 33.989014 24.417425 1.0 false false true
point 33.209293 24.374294 1.0 false false false
point 35.13637 24.85718 1.0 false true false
point 33.972656 22.79752 1.0 false false false
point 32.96514 23.728657 1.0 false false false
point 34.38527 23.910418 1.0 false false false
point 32.722443 22.217072 1.0 false false false
point 35.341503 25.22116 1.0 false false false
point 33.282234 23.556383 1.0 false false false
point 32.409885 24.193584 1.0 false false false
point 32.581715 25.055695 1.0 false false false
segment 0 1 1.3153319 5.0 0.5 0.2 1.0 0.06948188 0.948128
sensor -0.76604444 0.64278764 3.0 1.7 0
controller 0 1 0.0 -1
controller 1 1 0.0 -1
controller 2 2 0.11246014 -1
segment 1 2 0.75845855 5.0 0.5 0.1452783 0.3176961 0.45424032 0.0
sensor -0.76604444 0.64278764 3.0 1.9447522 0
controller 0 1 0.0 -1
controller 1 1 0.0 -1
controller 2 1 0.0 -1
segment 1 3 1.2689388 5.0 0.5 0.1452783 1.0 0.8001343 1.0
sensor -0.76604444 -0.64278764 3.0 1.0712199 0
controller 0 1 0.0 -1
controller 1 1 0.0 -1
controller 2 1 0.0 -1
segment 3 8 0.5373717 5.0 0.5 0.07022381 0.21067828 0.7366217 0.0
sensor -0.76604444 0.64278764 3.0 1.0712199 0
controller 0 1 0.0 -1
controller 1 1 0.0 -1
controller 2 1 0.0 -1
segment 2 5 0.72358024 5.0 0.5 0.1452783 0.3176961 0.34600225 0.0
sensor -0.76604444 -0.64278764 3.0 1.0712199 1
controller 0 1 0.0 -1
controller 1 1 0.0 -1
controller 2 1 0.0 -1
segment 4 5 1.188535 5.0 0.5 0.1452783 0.3176961 0.7694631 0.0
sensor -0.76604444 0.64278764 3.0 1.0712199 0
controller 0 1 0.0 -1
controller 1 1 0.0 -1
controller 2 1 0.0 -1
segment 4 7 1.3310516 5.0 0.5 0.1452783 0.96957415 0.7694631 0.0
sensor -0.76604444 -0.64278764 3.0 1.0712199 0
controller 0 1 0.0 -1
controller 1 1 0.0 -1
controller 2 2 0.9160764 -1
segment 4 6 1.3459255 5.0 0.5 0.1452783 0.41698468 0.2850401 0.0
sensor -0.76604444 -0.64278764 3.0 1.0712199 0
controller 0 1 0.0 -1
controller 1 1 0.0 -1
controller 2 1 0.0 -1
segment 5 6 1.3459255 5.0 0.5 0.1452783 0.3176961 0.7694631 0.0
sensor -0.76604444 0.64278764 3.0 1.0712199 0
controller 0 2 0.008837342 -1
controller 1 1 0.0 -1
controller 2 1 0.0 -1
segment 6 8 1.3719084 5.0 0.5 0.2 0.95676523 0.06948188 0.948128
sensor -0.76604444 0.64278764 3.0 1.7 0
controller 0 1 0.0 -1
controller 1 1 0.0 -1
controller 2 1 0.0 -1
segment 9 6 1.118135 5.0 0.5 0.2 1.0 0.3628532 0.948128
sensor -0.76604444 0.64278764 3.0 1.7 0
controller 0 1 0.0 -1
controller 1 1 0.0 -1
controller 2 2 0.9160764 -1
segment 10 2 0.885269 5.0 0.5 0.1452783 0.3176961 0.34600225 0.0
sensor -0.76604444 0.64278764 3.0 1.0712199 0
controller 0 1 0.0 -1
controller 1 1 0.0 -1
controller 2 1 0.0 -1
segment 10 5 0.885269 5.0 0.5 0.1452783 0.3176961 0.34600225 0.0
sensor -0.76604444 -0.64278764 3.0 1.0712199 0
controller 0 1 0.0 -1
controller 1 1 0.0 -1
controller 2 1 0.0 -1
segment 10 11 1.0203786 5.0 0.5 0.1452783 0.3176961 0.34600225 0.0
sensor -0.76604444 0.64278764 3.0 1.9447522 0
controller 0 1 0.0 -1
controller 1 1 0.0 -1
controller 2 1 0.0 -1
segment 2 11 1.0203786 5.0 0.5 0.1452783 0.3176961 0.34600225 0.0
sensor -0.76604444 -0.64278764 3.0 1.9447522 0
controller 0 1 0.0 -1
controller 1 1 0.0 -1
controller 2 1 0.0 -1
creature_end
creature_start 10 12
color 0.0 0.0 255.0
phase 0.1771688
ids 10464 0 104886
carnivore false
point 5.981949 19.712244 1.0 false false false
point 7.1991324 19.418991 1.0 false false true
point 6.3067565 19.504547 1.0 false false false
point 8.543023 19.017582 1.0 false true false
point 6.511769 18.846659 1.0 false false false
point 6.502392 20.116535 1.0 false false false
point 7.6688385 19.410534 1.0 false false false
point 5.0919805 19.941069 1.0 false false false
point 9.061724 18.888992 1.0 false false false
point 6.729251 19.442408 1.0 false false false
segment 0 1 1.1772325 5.0 0.5 0.2 1.0 0.3989006 0.948128
sensor -0.76604444 0.64278764 3.0 1.7 0
controller 0 1 0.0 -1
controller 1 1 0.0 -1
controller 2 2 0.11246014 -1
segment 1 2 0.75845855 5.0 0.5 0.1452783 0.3176961 0.7836589 0.0
sensor -0.76604444 0.64278764 3.0 1.9447522 0
controller 0 1 0.0 -1
controller 1 1 0.0 -1
controller 2 1 0.0 -1
segment 1 3 1.2689388 5.0 0.5 0.1452783 1.0 0.12955293 1.0
sensor -0.76604444 -0.64278764 3.0 1.0712199 0
controller 0 1 0.0 -1
controller 1 1 0.0 -1
controller 2 1 0.0 -1
segment 2 4 0.86728334 5.0 0.5 0.029602682 0.3176961 0.22043046 0.0
sensor -0.76604444 0.64278764 3.0 1.0712199 0
controller 0 1 0.0 -1
controller 1 1 0.0 -1
controller 2 2 0.9160764 -1
segment 3 8 0.5373717 5.0 0.5 0.07022381 0.21067828 0.066040404 0.0
sensor -0.76604444 0.64278764 3.0 1.0712199 0
controller 0 1 0.0 -1
controller 1 1 0.0 -1
controller 2 1 0.0 -1
segment 2 5 0.72358024 5.0 0.5 0.1452783 0.3176961 0.6754208 0.0
sensor -0.76604444 -0.64278764 3.0 1.0712199 1
controller 0 1 0.0 -1
controller 1 1 0.0 -1
controller 2 1 0.0 -1
segment 4 5 1.188535 5.0 0.5 0.1452783 0.3176961 0.09888189 0.0
sensor -0.76604444 0.64278764 3.0 1.0712199 0
controller 0 1 0.0 -1
controller 1 1 0.0 -1
controller 2 1 0.0 -1
segment 4 6 1.3459255 5.0 0.5 0.1452783 0.41698468 0.61445874 0.0
sensor -0.76604444 -0.64278764 3.0 1.0712199 0
controller 0 1 0.0 -1
controller 1 1 0.0 -1
controller 2 1 0.0 -1
segment 5 6 1.3459255 5.0 0.5 0.1452783 0.3176961 0.09888189 0.0
sensor -0.76604444 0.64278764 3.0 1.0712199 0
controller 0 2 0.008837342 -1
controller 1 1 0.0 -1
controller 2 1 0.0 -1
segment 6 8 1.3719084 5.0 0.5 0.2 1.0 0.3989006 0.948128
sensor -0.76604444 0.64278764 3.0 1.7 0
controller 0 1 0.0 -1
controller 1 1 0.0 -1
controller 2 2 0.9160764 -1
segment 9 6 1.118135 5.0 0.5 0.2 1.0 0.69227177 0.948128
sensor -0.76604444 0.64278764 3.0 1.7 0
controller 0 1 0.0 -1
controller 1 1 0.0 -1
controller 2 2 0.9160764 -1
segment 7 0 0.86728334 5.0 0.5 0.029602682 0.3176961 0.09888189 0.5247837
sensor -0.76604444 0.64278764 3.0 1.0712199 0
controller 0 1 0.0 -1
controller 1 1 0.0 -1
controller 2 1 0.0 -1
creature_end
creature_start 10 13
color 0.0 0.0 255.0
phase 0.9066398
ids 10478 0 104889
carnivore false
point 1.9601532 28.155529 1.0 false false false
point 2.0648947 29.617388 1.0 false false true
point 1.7056341 29.036547 1.0 false false false
point 2.3746033 30.715885 1.0 false true false
point 2.5088444 28.720053 1.0 false false false
point 1.3307043 29.49014 1.0 false false false
point 2.7143772 29.978872 1.0 false false false
point 2.0738413 27.283934 1.0 false false false
point 2.2276301 31.314999 1.0 false false false
point 2.5658083 29.022299 1.0 false false false
segment 0 1 1.3153319 5.0 0.5 0.2 1.0 0.2944727 0.948128
sensor -0.76604444 0.64278764 3.0 1.7 0
controller 0 1 0.0 -1
controller 1 1 0.0 -1
controller 2 2 0.11246014 -1
segment 1 2 0.75845855 5.0 0.5 0.1452783 0.3176961 0.67923105 0.0
sensor -0.76604444 0.64278764 3.0 1.9447522 0
controller 0 1 0.0 -1
controller 1 1 0.0 -1
controller 2 1 0.0 -1
segment 1 3 1.2689388 5.0 0.5 0.1452783 1.0 0.025125027 1.0
sensor -0.76604444 -0.64278764 3.0 1.0712199 0
controller 0 1 0.0 -1
controller 1 1 0.0 -1
controller 2 1 0.0 -1
segment 2 4 0.86728334 5.0 0.5 0.029602682 0.3176961 0.11600262 0.0
sensor 0.99378705 -0.11129811 3.0 1.0712199 0
controller 0 1 0.0 -1
controller 1 1 0.0 -1
controller 2 2 0.9160764 -1
segment 3 8 0.5373717 5.0 0.5 0.07022381 0.21067828 0.96161246 0.0
sensor -0.76604444 0.64278764 3.0 1.0712199 0
controller 0 1 0.0 -1
controller 1 1 0.0 -1
controller 2 1 0.0 -1
segment 2 5 0.72358024 5.0 0.5 0.1452783 0.3176961 0.57099295 0.0
sensor -0.76604444 -0.64278764 3.0 1.0712199 1
controller 0 1 0.0 -1
controller 1 1 0.0 -1
controller 2 1 0.0 -1
segment 4 5 1.188535 5.0 0.5 0.1452783 0.3176961 0.9944539 0.0
sensor -0.76604444 0.64278764 3.0 1.0712199 0
controller 0 1 0.0 -1
controller 1 1 0.0 -1
controller 2 1 0.0 -1
segment 4 7 1.3310516 5.0 0.5 0.1452783 0.96957415 0.9944539 0.0
sensor -0.76604444 -0.64278764 3.0 1.0712199 0
controller 0 1 0.0 -1
controller 1 1 0.0 -1
controller 2 2 0.9160764 -1
segment 4 6 1.3459255 5.0 0.5 0.1452783 0.41698468 0.5100308 0.0
sensor -0.76604444 -0.64278764 3.0 1.0712199 0
controller 0 1 0.0 -1
controller 1 1 0.0 -1
controller 2 1 0.0 -1
segment 5 6 1.3459255 5.0 0.5 0.1452783 0.3176961 0.9944539 0.0
sensor -0.76604444 0.64278764 3.0 1.0712199 0
controller 0 2 0.008837342 -1
controller 1 1 0.0 -1
controller 2 1 0.0 -1
segment 6 8 1.3719084 5.0 0.5 0.2 1.0 0.2944727 0.948128
sensor -0.76604444 0.64278764 3.0 1.7 0
controller 0 1 0.0 -1
controller 1 1 0.0 -1
controller 2 2 0.9160764 -1
segment 9 6 1.118135 5.0 0.5 0.2 0.41698468 0.58784384 0.948128
sensor -0.76604444 0.64278764 3.0 1.7 0
controller 0 1 0.0 -1
controller 1 1 0.0 -1
controller 2 2 0.9160764 -1
segment 7 0 0.86728334 5.0 0.5 0.029602682 0.3176961 0.9944539 0.5247837
sensor -0.76604444 0.64278764 3.0 1.0712199 0
controller 0 1 0.0 -1
controller 1 1 0.0 -1
controller 2 1 0.0 -1
creature_end
creature_start 11 13
color 255.0 0.0 0.0
phase 0.8638958
ids 10482 0 104892
carnivore true
point 11.825345 8.1447 1.0 false false false
point 11.055473 9.033819 1.0 false false true
point 10.987934 8.3688135 1.0 false false false
point 9.786794 9.420758 1.0 false true false
point 11.693225 8.022364 1.0 false false false
point 10.640079 7.74926 1.0 false false false
point 10.3339815 8.8953285 1.0 false false false
point 12.396065 7.4525 1.0 false false false
point 9.520271 9.782621 1.0 false false false
point 11.062488 7.9798884 1.0 false false false
point 11.659859 7.4459085 1.0 false false false
segment 0 1 1.3153319 5.0 0.5 0.2 1.0 0.02922161 0.948128
sensor -0.76604444 0.64278764 3.0 1.7 0
controller 0 1 0.0 -1
controller 1 1 0.0 -1
controller 2 2 0.11246014 -1
segment 1 2 0.75845855 5.0 0.5 0.1452783 0.3176961 0.41397998 0.0
sensor -0.76604444 0.64278764 3.0 1.9447522 0
controller 0 1 0.0 -1
controller 1 1 0.0 -1
controller 2 1 0.0 -1
segment 1 3 1.2689388 5.0 0.5 0.1452783 1.0 0.75987405 1.0
sensor -0.76604444 -0.64278764 3.0 1.0712199 0
controller 0 1 0.0 -1
controller 1 1 0.0 -1
controller 2 1 0.0 -1
segment 2 4 0.86728334 5.0 0.5 0.029602682 0.3176961 0.85075146 0.0
sensor -0.76604444 0.64278764 3.0 1.0712199 0
controller 0 1 0.0 -1
controller 1 1 0.0 -1
controller 2 2 0.9160764 -1
segment 3 8 0.5373717 5.0 0.5 0.07022381 0.21067828 0.6963614 0.0
sensor -0.76604444 0.64278764 3.0 1.0712199 0
controller 0 1 0.0 -1
controller 1 1 0.0 -1
controller 2 1 0.0 -1
segment 2 5 0.72358024 5.0 0.5 0.1452783 0.3176961 0.30574185 0.0
sensor -0.76604444 -0.64278764 3.0 1.0712199 1
controller 0 1 0.0 -1
controller 1 1 0.0 -1
controller 2 1 0.0 -1
segment 4 5 1.188535 5.0 0.5 0.1452783 0.3176961 0.729203 0.0
sensor -0.76604444 0.64278764 3.0 1.0712199 0
controller 0 1 0.0 -1
controller 1 1 0.0 -1
controller 2 1 0.0 -1
segment 4 6 1.3459255 5.0 0.5 0.1452783 0.41698468 0.24477977 0.0
sensor -0.76604444 -0.64278764 3.0 1.0712199 0
controller 0 1 0.0 -1
controller 1 1 0.0 -1
controller 2 1 0.0 -1
segment 5 6 1.3459255 5.0 0.5 0.1452783 0.3176961 0.729203 0.0
sensor -0.76604444 0.64278764 3.0 1.0712199 0
controller 0 2 0.008837342 -1
controller 1 1 0.0 -1
controller 2 1 0.0 -1
segment 6 8 1.3719084 5.0 0.5 0.2 1.0 0.02922161 0.948128
sensor -0.76604444 0.64278764 3.0 1.7 0
controller 0 1 0.0 -1
controller 1 1 0.0 -1
controller 2 2 0.9160764 -1
segment 9 6 1.118135 5.0 0.5 0.2 1.0 0.3225928 0.948128
sensor -0.76604444 0.64278764 3.0 1.7 0
controller 0 1 0.0 -1
controller 1 1 0.0 -1
controller 2 2 0.9160764 -1
segment 7 0 0.86728334 5.0 0.5 0.029602682 0.3176961 0.729203 0.5247837
sensor -0.76604444 0.64278764 3.0 1.0712199 0
controller 0 1 0.0 -1
controller 1 1 0.0 -1
controller 2 1 0.0 -1
segment 9 10 0.86728334 5.0 0.5 0.029602682 0.3176961 0.729203 0.5247837
sensor -0.76604444 0.64278764 3.0 1.0712199 0
controller 0 1 0.0 -1
controller 1 1 0.0 -1
controller 2 1 0.0 -1
creature_end
creature_start 10 13
color 0.0 0.0 255.0
phase 0.891329
ids 10328 0 104899
carnivore false
point 38.22656 49.53984 1.0 false false false
point 39.3787 49.808765 1.0 false false true
point 38.60911 49.95126 1.0 false false false
point 40.695538 49.825676 1.0 false true false
point 38.91612 49.118954 1.0 false false false
point 39.17012 50.204876 1.0 false false false
point 40.235405 49.733067 1.0 false false false
point 37.473125 49.09234 1.0 false false false
point 41.307976 49.8 1.0 false false false
point 38.946465 49.94756 1.0 false false false
segment 0 1 1.3153319 5.0 0.5 0.2 1.0 0.092960335 0.948128
sensor -0.76604444 0.64278764 3.0 1.7 0
controller 0 1 0.0 -1
controller 1 1 0.0 -1
controller 2 2 0.11246014 -1
segment 1 2 0.75845855 5.0 0.5 0.1452783 0.3176961 0.47771874 0.0
sensor -0.76604444 0.64278764 3.0 1.9447522 0
controller 0 1 0.0 -1
controller 1 1 0.0 -1
controller 2 1 0.0 -1
segment 1 3 1.2689388 5.0 0.5 0.1452783 1.0 0.82361275 1.0
sensor -0.76604444 -0.64278764 3.0 1.0712199 0
controller 0 1 0.0 -1
controller 1 1 0.0 -1
controller 2 1 0.0 -1
segment 2 4 0.86728334 5.0 0.5 0.029602682 0.3176961 0.9144902 0.0
sensor -0.76604444 0.64278764 3.0 1.0712199 0
controller 0 1 0.0 -1
controller 1 1 0.0 -1
controller 2 2 0.9160764 -1
segment 3 8 0.5373717 5.0 0.5 0.07022381 0.21067828 0.7601001 0.0
sensor -0.76604444 0.64278764 3.0 1.0712199 0
controller 0 1 0.0 -1
controller 1 1 0.0 -1
controller 2 1 0.0 -1
segment 2 5 0.72358024 5.0 0.5 0.1452783 0.3176961 0.36948052 0.0
sensor -0.76604444 -0.64278764 3.0 1.0712199 1
controller 0 1 0.0 -1
controller 1 1 0.0 -1
controller 2 1 0.0 -1
segment 4 5 1.188535 5.0 0.5 0.1452783 0.3176961 0.7929416 0.0
sensor -0.76604444 0.64278764 3.0 1.0712199 0
controller 0 1 0.0 -1
controller 1 1 0.0 -1
controller 2 1 0.0 -1
segment 4 7 1.3310516 5.0 0.5 0.1452783 0.96957415 0.7929416 0.0
sensor -0.76604444 -0.64278764 3.0 1.0712199 0
controller 0 1 0.0 -1
controller 1 1 0.0 -1
controller 2 2 0.9160764 -1
segment 4 6 1.3459255 5.0 0.5 0.1452783 0.41698468 0.30851844 0.0
sensor -0.76604444 -0.64278764 3.0 1.0712199 0
controller 0 1 0.0 -1
controller 1 1 0.0 -1
controller 2 1 0.0 -1
segment 5 6 1.3459255 5.0 0.5 0.1452783 0.3176961 0.7929416 0.0
sensor -0.76604444 0.64278764 3.0 1.0712199 0
controller 0 2 0.008837342 -1
controller 1 1 0.0 -1
controller 2 1 0.0 -1
segment 6 8 1.3719084 5.0 0.5 0.2 1.0 0.092960335 0.948128
sensor -0.76604444 0.64278764 3.0 1.7 0
controller 0 1 0.0 -1
controller 1 1 0.0 -1
controller 2 2 0.9160764 -1
segment 9 6 1.118135 5.0 0.5 0.2 1.0 0.38633147 0.948128
sensor -0.76604444 0.64278764 3.0 1.7 0
controller 0 1 0.0 -1
controller 1 1 0.0 -1
controller 2 2 0.9160764 -1
segment 7 0 0.86728334 5.0 0.5 0.029602682 0.3176961 0.7929416 0.5247837
sensor -0.76604444 0.64278764 3.0 1.0712199 0
controller 0 1 0.0 -1
controller 1 1 0.0 -1
controller 2 1 0.0 -1
creature_end
creature_start 12 15
color 255.0 0.0 0.0
phase 0.9942953
ids 10378 0 104900
carnivore true
point 26.353647 50.626022 1.0 false false false
point 25.830572 51.87519 1.0 false false true
point 25.796494 51.138454 1.0 false false false
point 25.56167 52.935234 1.0 false true false
point 27.445812 52.050438 1.0 false false false
point 26.460201 51.142307 1.0 false false false
point 26.206068 52.503212 1.0 false false false
point 28.013138 50.655975 1.0 false false false
point 24.961887 53.1665 1.0 false false false
point 26.69758 51.272324 1.0 false false false
point 26.208195 50.477554 1.0 false false false
point 25.39053 50.290512 1.0 false false false
segment 0 1 1.3153319 5.0 0.5 0.2 1.0 0.15846628 0.948128
sensor -0.76604444 0.64278764 3.0 1.7 0
controller 0 1 0.0 -1
controller 1 1 0.0 -1
controller 2 2 0.11246014 -1
segment 1 2 0.75845855 5.0 0.5 0.1452783 0.3176961 0.54322475 0.0
sensor -0.76604444 0.64278764 3.0 1.9447522 0
controller 0 1 0.0 -1
controller 1 1 0.0 -1
controller 2 1 0.0 -1
segment 1 3 1.2689388 5.0 0.5 0.1452783 1.0 0.88911873 1.0
sensor -0.76604444 -0.64278764 3.0 1.0712199 0
controller 0 1 0.0 -1
controller 1 1 0.0 -1
controller 2 1 0.0 -1
segment 3 8 0.5373717 5.0 0.5 0.07022381 0.21067828 0.8256061 0.0
sensor -0.76604444 0.64278764 3.0 1.0712199 0
controller 0 1 0.0 -1
controller 1 1 0.0 -1
controller 2 1 0.0 -1
segment 2 5 0.72358024 5.0 0.5 0.1452783 0.3176961 0.43498665 0.0
sensor -0.76604444 -0.64278764 3.0 1.0712199 1
controller 0 1 0.0 -1
controller 1 1 0.0 -1
controller 2 1 0.0 -1
segment 4 5 1.188535 5.0 0.5 0.1452783 0.3176961 0.85844755 0.0
sensor -0.76604444 0.64278764 3.0 1.0712199 0
controller 0 1 0.0 -1
controller 1 1 0.0 -1
controller 2 1 0.0 -1
segment 4 7 1.3310516 5.0 0.5 0.1452783 0.96957415 0.85844755 0.0
sensor -0.76604444 -0.64278764 3.0 1.0712199 0
controller 0 1 0.0 -1
controller 1 1 0.0 -1
controller 2 2 0.9160764 -1
segment 4 6 1.3459255 5.0 0.5 0.1452783 0.41698468 0.3740245 0.0
sensor -0.76604444 -0.64278764 3.0 1.0712199 0
controller 0 1 0.0 -1
controller 1 1 0.0 -1
controller 2 1 0.0 -1
segment 5 6 1.3459255 5.0 0.5 0.1452783 0.3176961 0.85844755 0.0
sensor -0.76604444 0.64278764 3.0 1.0712199 0
controller 0 2 0.008837342 -1
controller 1 1 0.0 -1
controller 2 1 0.0 -1
segment 6 8 1.3719084 5.0 0.5 0.2 0.95676523 0.15846628 0.948128
sensor -0.76604444 0.64278764 3.0 1.7 0
controller 0 1 0.0 -1
controller 1 1 0.0 -1
controller 2 1 0.0 -1
segment 9 6 1.118135 5.0 0.5 0.2 1.0 0.4518376 0.948128
sensor -0.76604444 0.64278764 3.0 1.7 0
controller 0 1 0.0 -1
controller 1 1 0.0 -1
controller 2 2 0.9160764 -1
segment 10 2 0.885269 5.0 0.5 0.1452783 0.3176961 0.43498665 0.0
sensor -0.76604444 0.64278764 3.0 1.0712199 0
controller 0 1 0.0 -1
controller 1 1 0.0 -1
controller 2 1 0.0 -1
segment 10 5 0.885269 5.0 0.5 0.1452783 0.3176961 0.43498665 0.0
sensor -0.76604444 -0.64278764 3.0 1.0712199 0
controller 0 1 0.0 -1
controller 1 1 0.0 -1
controller 2 1 0.0 -1
segment 10 11 1.0203786 5.0 0.5 0.1452783 0.3176961 0.43498665 0.0
sensor -0.76604444 0.64278764 3.0 1.9447522 0
controller 0 1 0.0 -1
controller 1 1 0.0 -1
controller 2 1 0.0 -1
segment 2 11 1.0203786 5.0 0.5 0.1452783 0.3176961 0.43498665 0.0
sensor -0.76604444 -0.64278764 3.0 1.9447522 0
controller 0 1 0.0 -1
controller 1 1 0.0 -1
controller 2 1 0.0 -1
creature_end
creature_start 12 15
color 255.0 0.0 0.0
phase 0.5653594
ids 10378 0 104901
carnivore true
point 66.461624 46.35625 1.0 false false false
point 65.46211 47.330463 1.0 false false true
point 65.84889 46.69307 1.0 false false false
point 64.892586 48.238873 1.0 false true false
point 67.01157 47.502262 1.0 false false false
point 66.46962 46.29057 1.0 false false false
point 65.64632 47.398388 1.0 false false false
point 68.01573 46.345226 1.0 false false false
point 64.31285 48.26833 1.0 false false false
point 66.21447 46.193127 1.0 false false false
point 65.83837 45.924484 1.0 false false false
point 65.054665 46.25545 1.0 false false false
segment 0 1 1.3153319 5.0 0.5 0.2 1.0 0.6234156 0.948128
sensor -0.76604444 0.64278764 3.0 1.7 0
controller 0 1 0.0 -1
controller 1 1 0.0 -1
controller 2 2 0.11246014 -1
segment 1 2 0.75845855 5.0 0.5 0.1452783 0.3176961 0.008173943 0.0
sensor -0.76604444 0.64278764 3.0 1.9447522 0
controller 0 1 0.0 -1
controller 1 1 0.0 -1
controller 2 1 0.0 -1
segment 1 3 1.2689388 5.0 0.5 0.1452783 1.0 0.35406798 1.0
sensor -0.76604444 -0.64278764 3.0 1.0712199 0
controller 0 1 0.0 -1
controller 1 1 0.0 -1
controller 2 1 0.0 -1
segment 3 8 0.5373717 5.0 0.5 0.07022381 0.21067828 0.2905554 0.0
sensor -0.76604444 0.64278764 3.0 1.0712199 0
controller 0 1 0.0 -1
controller 1 1 0.0 -1
controller 2 1 0.0 -1
segment 2 5 0.72358024 5.0 0.5 0.1452783 0.3176961 0.8999359 0.0
sensor -0.76604444 -0.64278764 3.0 1.0712199 1
controller 0 1 0.0 -1
controller 1 1 0.0 -1
controller 2 1 0.0 -1
segment 4 5 1.188535 5.0 0.5 0.1452783 0.3176961 0.32339683 0.0
sensor -0.76604444 0.64278764 3.0 1.0712199 0
controller 0 1 0.0 -1
controller 1 1 0.0 -1
controller 2 1 0.0 -1
segment 4 7 1.3310516 5.0 0.5 0.1452783 0.96957415 0.32339683 0.0
sensor -0.76604444 -0.64278764 3.0 1.0712199 0
controller 0 1 0.0 -1
controller 1 1 0.0 -1
controller 2 2 0.9160764 -1
segment 4 6 1.3459255 5.0 0.5 0.1452783 0.41698468 0.83897376 0.0
sensor -0.76604444 -0.64278764 3.0 1.0712199 0
controller 0 1 0.0 -1
controller 1 1 0.0 -1
controller 2 1 0.0 -1
segment 5 6 1.3459255 5.0 0.5 0.1452783 0.3176961 0.32339683 0.0
sensor -0.76604444 0.64278764 3.0 1.0712199 0
controller 0 2 0.008837342 -1
controller 1 1 0.0 -1
controller 2 1 0.0 -1
segment 6 8 1.3719084 5.0 0.5 0.2 0.95676523 0.6234156 0.948128
sensor -0.76604444 0.64278764 3.0 1.7 0
controller 0 1 0.0 -1
controller 1 1 0.0 -1
controller 2 1 0.0 -1
segment 9 6 1.118135 5.0 0.5 0.2 1.0 0.91678685 0.948128
sensor -0.76604444 0.64278764 3.0 1.7 0
controller 0 1 0.0 -1
controller 1 1 0.0 -1
controller 2 2 0.9160764 -1
segment 10 2 0.885269 5.0 0.5 0.1452783 0.3176961 0.8999359 0.0
sensor -0.76604444 0.64278764 3.0 1.0712199 0
controller 0 1 0.0 -1
controller 1 1 0.0 -1
controller 2 1 0.0 -1
segment 10 5 0.885269 5.0 0.5 0.1452783 0.3176961 0.8999359 0.0
sensor -0.76604444 -0.64278764 3.0 1.0712199 0
controller 0 1 0.0 -1
controller 1 1 0.0 -1
controller 2 1 0.0 -1
segment 10 11 1.0203786 5.0 0.5 0.1452783 0.3176961 0.8999359 0.0
sensor -0.76604444 0.64278764 3.0 1.9447522 0
controller 0 1 0.0 -1
controller 1 1 0.0 -1
controller 2 1 0.0 -1
segment 2 11 1.0203786 5.0 0.5 0.1452783 0.3176961 0.8999359 0.0
sensor -0.76604444 -0.64278764 3.0 1.9447522 0
controller 0 1 0.0 -1
controller 1 1 0.0 -1
controller 2 1 0.0 -1
creature_end
creature_start 10 13
color 0.0 0.0 255.0
phase 0.9295122
ids 10328 0 104902
carnivore false
point 47.000675 6.894202 1.0 false false false
point 45.649933 7.025494 1.0 false false true
point 45.849663 6.451128 1.0 false false false
point 44.479786 6.849175 1.0 false true false
point 46.563282 6.9739356 1.0 false false false
point 46.05298 5.8543377 1.0 false false false
point 45.206535 6.9061036 1.0 false false false
point 47.978363 6.820618 1.0 false false false
point 44.146065 7.3961487 1.0 false false false
point 46.3115 6.2112246 1.0 false false false
segment 0 1 1.3153319 5.0 0.5 0.2 1.0 0.10568517 0.948128
sensor -0.76604444 0.64278764 3.0 1.7 0
controller 0 1 0.0 -1
controller 1 1 0.0 -1
controller 2 2 0.11246014 -1
segment 1 2 0.75845855 5.0 0.5 0.1452783 0.3176961 0.49044353 0.0
sensor -0.76604444 0.64278764 3.0 1.9447522 0
controller 0 1 0.0 -1
controller 1 1 0.0 -1
controller 2 1 0.0 -1
segment 1 3 1.2689388 5.0 0.5 0.1452783 1.0 0.83633757 1.0
sensor -0.76604444 -0.64278764 3.0 1.0712199 0
controller 0 1 0.0 -1
controller 1 1 0.0 -1
controller 2 1 0.0 -1
segment 2 4 0.86728334 5.0 0.5 0.029602682 0.3176961 0.927215 0.0
sensor -0.76604444 0.64278764 3.0 1.0712199 0
controller 0 1 0.0 -1
controller 1 1 0.0 -1
controller 2 2 0.9160764 -1
segment 3 8 0.5373717 5.0 0.5 0.07022381 0.21067828 0.77282494 0.0
sensor -0.76604444 0.64278764 3.0 1.0712199 0
controller 0 1 0.0 -1
controller 1 1 0.0 -1
controller 2 1 0.0 -1
segment 2 5 0.72358024 5.0 0.5 0.1452783 0.3176961 0.38220534 0.0
sensor -0.76604444 -0.64278764 3.0 1.0712199 1
controller 0 1 0.0 -1
controller 1 1 0.0 -1
controller 2 1 0.0 -1
segment 4 5 1.188535 5.0 0.5 0.1452783 0.3176961 0.8056664 0.0
sensor -0.76604444 0.64278764 3.0 1.0712199 0
controller 0 1 0.0 -1
controller 1 1 0.0 -1
controller 2 1 0.0 -1
segment 4 7 1.3310516 5.0 0.5 0.1452783 0.96957415 0.8056664 0.0
sensor -0.76604444 -0.64278764 3.0 1.0712199 0
controller 0 1 0.0 -1
controller 1 1 0.0 -1
controller 2 2 0.9160764 -1
segment 4 6 1.3459255 5.0 0.5 0.1452783 0.41698468 0.3212433 0.0
sensor -0.76604444 -0.64278764 3.0 1.0712199 0
controller 0 1 0.0 -1
controller 1 1 0.0 -1
controller 2 1 0.0 -1
segment 5 6 1.3459255 5.0 0.5 0.1452783 0.3176961 0.8056664 0.0
sensor -0.76604444 0.64278764 3.0 1.0712199 0
controller 0 2 0.008837342 -1
controller 1 1 0.0 -1
controller 2 1 0.0 -1
segment 6 8 1.3719084 5.0 0.5 0.2 1.0 0.10568517 0.948128
sensor -0.76604444 0.64278764 3.0 1.7 0
controller 0 1 0.0 -1
controller 1 1 0.0 -1
controller 2 2 0.9160764 -1
segment 9 6 1.118135 5.0 0.5 0.2 1.0 0.3990563 0.948128
sensor -0.76604444 0.64278764 3.0 1.7 0
controller 0 1 0.0 -1
controller 1 1 0.0 -1
controller 2 2 0.9160764 -1
segment 7 0 0.86728334 5.0 0.5 0.029602682 0.3176961 0.8056664 0.5247837
sensor -0.76604444 0.64278764 3.0 1.0712199 0
controller 0 1 0.0 -1
controller 1 1 0.0 -1
controller 2 1 0.0 -1
creature_end
creature_start 11 15
color 255.0 0.0 0.0
phase 0.47314164
ids 10474 0 104908
carnivore true
point 31.643188 4.005133 1.0 false false false
point 31.005337 2.9207401 1.0 false false true
point 31.136906 3.6138701 1.0 false false false
point 30.836617 1.8101776 1.0 false true false
point 29.355587 3.5673745 1.0 false false false
point 30.584284 4.0751705 1.0 false false false
point 30.565008 2.7905293 1.0 false false false
point 30.729357 4.114842 1.0 false false false
point 31.419054 1.775303 1.0 false false false
point 31.319708 4.397178 1.0 false false false
point 30.753723 4.694269 1.0 false false false
segment 0 1 1.3153319 5.0 0.5 0.2 1.0 0.5944737 0.948128
sensor -0.76604444 0.64278764 3.0 1.7 0
controller 0 1 0.0 -1
controller 1 1 0.0 -1
controller 2 2 0.11246014 -1
segment 1 2 0.75845855 5.0 0.5 0.1452783 0.3176961 0.97923225 0.0
sensor -0.76604444 0.64278764 3.0 1.9447522 0
controller 0 1 0.0 -1
controller 1 1 0.0 -1
controller 2 1 0.0 -1
segment 1 3 1.2689388 5.0 0.5 0.1452783 1.0 0.32512617 1.0
sensor -0.76604444 -0.64278764 3.0 1.0712199 0
controller 0 1 0.0 -1
controller 1 1 0.0 -1
controller 2 1 0.0 -1
segment 3 8 0.5373717 5.0 0.5 0.07022381 0.21067828 0.2616135 0.41325647
sensor -0.76604444 0.64278764 3.0 1.0712199 0
controller 0 1 0.0 -1
controller 1 1 0.0 -1
controller 2 1 0.0 -1
segment 2 5 0.72358024 5.0 0.5 0.1452783 0.3176961 0.8709941 0.0
sensor -0.76604444 -0.64278764 3.0 1.0712199 1
controller 0 1 0.0 -1
controller 1 1 0.0 -1
controller 2 1 0.0 -1
segment 4 5 1.188535 5.0 0.5 0.1452783 0.3176961 0.29445493 0.0
sensor -0.76604444 0.64278764 3.0 1.0712199 0
controller 0 1 0.0 -1
controller 1 1 0.0 -1
controller 2 1 0.0 -1
segment 4 7 1.3310516 5.0 0.5 0.1452783 0.96957415 0.29445493 0.0
sensor -0.76604444 -0.64278764 3.0 1.0712199 0
controller 0 1 0.0 -1
controller 1 1 0.0 -1
controller 2 2 0.9160764 -1
segment 4 6 1.3459255 5.0 0.5 0.1452783 0.41698468 0.81003195 0.0
sensor -0.76604444 -0.64278764 3.0 1.0712199 0
controller 0 1 0.0 -1
controller 1 1 0.0 -1
controller 2 1 0.0 -1
segment 5 6 1.3459255 5.0 0.5 0.1452783 0.3176961 0.29445493 0.0
sensor -0.76604444 0.64278764 3.0 1.0712199 0
controller 0 2 0.008837342 -1
controller 1 1 0.0 -1
controller 2 1 0.0 -1
segment 6 8 1.3719084 5.0 0.5 0.2 0.95676523 0.5944737 0.948128
sensor -0.76604444 0.64278764 3.0 1.7 0
controller 0 1 0.0 -1
controller 1 1 0.0 -1
controller 2 1 0.0 -1
segment 7 6 1.118135 5.0 0.5 0.2 1.0 0.88784504 0.948128
sensor -0.76604444 0.64278764 3.0 1.7 0
controller 0 1 0.0 -1
controller 1 1 0.0 -1
controller 2 2 0.9160764 -1
segment 9 2 0.885269 5.0 0.5 0.1452783 0.3176961 0.8709941 0.0
sensor -0.76604444 0.64278764 3.0 1.0712199 0
controller 0 1 0.0 -1
controller 1 1 0.0 -1
controller 2 2 -0.48563504 -1
segment 9 5 0.885269 5.0 0.5 0.1452783 0.3176961 0.8709941 0.0
sensor -0.76604444 -0.64278764 3.0 1.0712199 0
controller 0 1 0.0 -1
controller 1 1 0.0 -1
controller 2 1 0.0 -1
segment 9 10 0.6997931 5.0 0.5 0.13115606 0.3176961 0.8709941 0.0
sensor -0.76604444 -0.64278764 3.0 1.0712199 0
controller 0 1 0.0 -1
controller 1 1 0.0 -1
controller 2 1 0.0 -1
segment 5 10 0.6997931 5.0 0.5 0.1452783 0.3176961 0.8709941 0.0
sensor -0.76604444 0.64278764 3.0 1.0712199 0
controller 0 1 0.0 -1
controller 1 1 0.0 -1
controller 2 1 0.0 -1
creature_end
creature_start 11 15
color 0.0 0.0 255.0
phase 0.48014012
ids 10475 0 104910
carnivore false
point 13.11317 37.299587 1.0 false false true
point 13.801345 37.704304 1.0 false false false
point 14.455811 36.848427 1.0 false true false
point 13.290591 38.494545 1.0 false false false
point 14.376411 38.18933 1.0 false false false
point 13.693114 37.129402 1.0 false false false
point 14.211661 37.994625 1.0 false false false
point 14.946618 36.71156 1.0 false false false
point 13.942874 37.886295 1.0 false false false
point 14.613233 37.185608 1.0 false false false
point 13.6487255 36.552982 1.0 false false false
segment 6 0 1.3153319 5.0 0.5 0.2 1.0 0.14709857 0.948128
sensor -0.76604444 0.64278764 3.0 1.7 0
controller 0 1 0.0 -1
controller 1 1 0.0 -1
controller 2 2 0.11246014 -1
segment 0 1 0.75845855 5.0 0.5 0.1452783 0.3176961 0.531857 0.0
sensor -0.76604444 0.64278764 3.0 1.9447522 0
controller 0 1 0.0 -1
controller 1 1 0.0 -1
controller 2 1 0.0 -1
segment 0 2 1.2689388 5.0 0.5 0.1452783 1.0 0.877751 1.0
sensor -0.76604444 -0.64278764 3.0 1.0712199 0
controller 0 1 0.0 -1
controller 1 1 0.0 -1
controller 2 1 0.0 -1
segment 2 7 0.5373717 5.0 0.5 0.07022381 0.21067828 0.81423837 0.0
sensor -0.76604444 0.64278764 3.0 1.0712199 0
controller 0 1 0.0 -1
controller 1 1 0.0 -1
controller 2 1 0.0 -1
segment 1 4 0.72358024 5.0 0.5 0.1452783 0.3176961 0.42361897 0.0
sensor -0.76604444 -0.64278764 3.0 1.0712199 1
controller 0 1 0.0 -1
controller 1 1 0.0 -1
controller 2 1 0.0 -1
segment 3 4 1.188535 5.0 0.5 0.1452783 0.3176961 0.8470798 0.0
sensor -0.76604444 0.64278764 3.0 1.0712199 0
controller 0 1 0.0 -1
controller 1 1 0.0 -1
controller 2 1 0.0 -1
segment 3 6 1.3310516 5.0 0.5 0.1452783 0.96957415 0.8470798 0.0
sensor -0.76604444 -0.64278764 3.0 1.0712199 0
controller 0 1 0.0 -1
controller 1 1 0.0 -1
controller 2 2 0.9160764 -1
segment 3 5 1.3459255 5.0 0.5 0.1452783 0.41698468 0.36265683 0.0
sensor -0.76604444 -0.64278764 3.0 1.0712199 0
controller 0 1 0.0 -1
controller 1 1 0.0 -1
controller 2 1 0.0 -1
segment 4 5 1.3459255 5.0 0.5 0.1452783 0.3176961 0.8470798 0.0
sensor -0.76604444 0.64278764 3.0 1.0712199 0
controller 0 2 0.008837342 -1
controller 1 1 0.0 -1
controller 2 1 0.0 -1
segment 5 7 1.3719084 5.0 0.5 0.2 0.95676523 0.14709857 0.948128
sensor -0.76604444 0.64278764 3.0 1.7 0
controller 0 1 0.0 -1
controller 1 1 0.0 -1
controller 2 1 0.0 -1
segment 8 5 1.118135 5.0 0.5 0.2 1.0 0.44046992 0.948128
sensor -0.76604444 0.64278764 3.0 1.7 0
controller 0 1 0.0 -1
controller 1 1 0.0 -1
controller 2 2 0.9160764 -1
segment 9 1 0.885269 5.0 0.5 0.1452783 0.3176961 0.42361897 0.1318016
sensor -0.76604444 0.64278764 3.0 1.0712199 0
controller 0 1 0.0 -1
controller 1 1 0.0 -1
controller 2 1 0.0 -1
segment 9 4 0.885269 5.0 0.5 0.1452783 0.3176961 0.42361897 0.0
sensor -0.76604444 -0.64278764 3.0 1.0712199 0
controller 0 1 0.0 -1
controller 1 1 0.0 -1
controller 2 1 0.0 -1
segment 9 10 1.0203786 5.0 0.5 0.1452783 0.3176961 0.42361897 0.0
sensor -0.76604444 0.64278764 3.0 1.9447522 0
controller 0 1 0.0 -1
controller 1 1 0.0 -1
controller 2 1 0.0 -1
segment 1 10 1.0203786 5.0 0.5 0.1452783 0.3176961 0.42361897 0.0
sensor -0.76604444 -0.64278764 3.0 1.9447522 0
controller 0 1 0.0 -1
controller 1 1 0.0 -1
controller 2 1 0.0 -1
creature_end
creature_start 10 13
color 0.0 0.0 255.0
phase 0.047534592
ids 10328 0 104912
carnivore false
point 8.890748 10.948459 1.0 false false false
point 10.162465 10.042869 1.0 false false true
point 10.204105 10.794053 1.0 false false false
point 11.271621 9.383844 1.0 false true false
point 9.321476 10.567408 1.0 false false false
point 10.335469 11.46232 1.0 false false false
point 10.3681 9.972418 1.0 false false false
point 8.147571 11.34908 1.0 false false false
point 11.716089 9.084975 1.0 false false false
point 9.897655 11.024797 1.0 false false false
segment 0 1 1.3153319 5.0 0.5 0.2 1.0 0.26851523 0.948128
sensor -0.76604444 0.64278764 3.0 1.7 0
controller 0 1 0.0 -1
controller 1 1 0.0 -1
controller 2 2 0.11246014 -1
segment 1 2 0.75845855 5.0 0.5 0.1452783 0.3176961 0.6532736 0.0
sensor -0.76604444 0.64278764 3.0 1.9447522 0
controller 0 1 0.0 -1
controller 1 1 0.0 -1
controller 2 1 0.0 -1
segment 1 3 1.2689388 5.0 0.5 0.1452783 1.0 0.9991676 1.0
sensor -0.76604444 -0.64278764 3.0 1.0712199 0
controller 0 1 0.0 -1
controller 1 1 0.0 -1
controller 2 1 0.0 -1
segment 2 4 0.86728334 5.0 0.5 0.029602682 0.3176961 0.09004506 0.0
sensor -0.76604444 0.64278764 3.0 1.0712199 0
controller 0 1 0.0 -1
controller 1 1 0.0 -1
controller 2 2 0.9160764 -1
segment 3 8 0.5373717 5.0 0.5 0.07022381 0.21067828 0.935655 0.0
sensor -0.76604444 0.64278764 3.0 1.0712199 0
controller 0 1 0.0 -1
controller 1 1 0.0 -1
controller 2 1 0.0 -1
segment 2 5 0.72358024 5.0 0.5 0.1452783 0.3176961 0.54503536 0.0
sensor -0.76604444 -0.64278764 3.0 1.0712199 1
controller 0 1 0.0 -1
controller 1 1 0.0 -1
controller 2 1 0.0 -1
segment 4 5 1.188535 5.0 0.5 0.1452783 0.3176961 0.96849644 0.0
sensor -0.76604444 0.64278764 3.0 1.0712199 0
controller 0 1 0.0 -1
controller 1 1 0.0 -1
controller 2 1 0.0 -1
segment 4 7 1.3310516 5.0 0.5 0.1452783 0.96957415 0.96849644 0.0
sensor -0.76604444 -0.64278764 3.0 1.0712199 0
controller 0 1 0.0 -1
controller 1 1 0.0 -1
controller 2 2 0.9160764 -1
segment 4 6 1.3459255 5.0 0.5 0.1452783 0.41698468 0.4840733 0.0
sensor -0.76604444 -0.64278764 3.0 1.0712199 0
controller 0 1 0.0 -1
controller 1 1 0.0 -1
controller 2 1 0.0 -1
segment 5 6 1.3459255 5.0 0.5 0.1452783 0.3176961 0.96849644 0.0
sensor -0.76604444 0.64278764 3.0 1.0712199 0
controller 0 2 0.008837342 -1
controller 1 1 0.0 -1
controller 2 1 0.0 -1
segment 6 8 1.3719084 5.0 0.5 0.2 1.0 0.26851523 0.948128
sensor -0.76604444 0.64278764 3.0 1.7 0
controller 0 1 0.0 -1
controller 1 1 0.0 -1
controller 2 2 0.9160764 -1
segment 9 6 1.118135 5.0 0.5 0.2 1.0 0.5618863 0.948128
sensor -0.76604444 0.64278764 3.0 1.7 0
controller 0 1 0.0 -1
controller 1 1 0.0 -1
controller 2 2 0.9160764 -1
segment 7 0 0.86728334 5.0 0.5 0.029602682 0.3176961 0.96849644 0.5247837
sensor -0.76604444 0.64278764 3.0 1.0712199 0
controller 0 1 0.0 -1
controller 1 1 0.0 -1
controller 2 1 0.0 -1
creature_end
creature_start 10 12
color 0.0 0.0 255.0
phase 0.848987
ids 10480 0 104913
carnivore false
point 5.4243684 15.221308 1.0 false false false
point 6.133558 14.286953 1.0 false false true
point 5.544446 14.797313 1.0 false false false
point 7.18878 13.329724 1.0 false true false
point 5.6598315 13.919413 1.0 false false false
point 6.3516912 14.6462145 1.0 false false false
point 7.2010775 13.822498 1.0 false false false
point 4.905764 15.938047 1.0 false false false
point 7.3072042 12.754797 1.0 false false false
point 6.478849 14.76684 1.0 false false false
segment 0 1 1.3153319 5.0 0.5 0.2 1.0 0.9862965 0.948128
sensor -0.76604444 0.64278764 3.0 1.7 0
controller 0 1 0.0 -1
controller 1 1 0.0 -1
controller 2 2 0.11246014 -1
segment 1 2 0.75845855 5.0 0.5 0.1452783 0.3176961 0.3710549 0.0
sensor -0.76604444 0.64278764 3.0 1.9447522 0
controller 0 1 0.0 -1
controller 1 1 0.0 -1
controller 2 1 0.0 -1
segment 1 3 1.2689388 5.0 0.5 0.1452783 1.0 0.716949 1.0
sensor -0.76604444 -0.64278764 3.0 1.0712199 0
controller 0 1 0.0 -1
controller 1 1 0.0 -1
controller 2 1 0.0 -1
segment 2 4 0.86728334 5.0 0.5 0.029602682 0.3176961 0.8078264 0.0
sensor -0.76604444 0.64278764 3.0 1.0712199 0
controller 0 1 0.0 -1
controller 1 1 0.0 -1
controller 2 2 0.9160764 -1
segment 3 8 0.5373717 5.0 0.5 0.07022381 0.21067828 0.45339933 0.0
sensor -0.76604444 0.64278764 3.0 1.0712199 0
controller 0 1 0.0 -1
controller 1 1 0.0 -1
controller 2 1 0.0 -1
segment 2 5 0.72358024 5.0 0.5 0.1452783 0.3176961 0.26281673 0.0
sensor -0.76604444 -0.64278764 3.0 1.0712199 1
controller 0 1 0.0 -1
controller 1 1 0.0 -1
controller 2 1 0.0 -1
segment 4 5 1.188535 5.0 0.5 0.1452783 0.3176961 0.6862779 0.0
sensor -0.76604444 0.64278764 3.0 1.0712199 0
controller 0 1 0.0 -1
controller 1 1 0.0 -1
controller 2 1 0.0 -1
segment 4 6 1.3459255 5.0 0.5 0.1452783 0.41698468 0.20185462 0.0
sensor -0.76604444 -0.64278764 3.0 1.0712199 0
controller 0 1 0.0 -1
controller 1 1 0.0 -1
controller 2 1 0.0 -1
segment 5 6 1.3459255 5.0 0.5 0.1452783 0.3176961 0.6862779 0.0
sensor -0.76604444 0.64278764 3.0 1.0712199 0
controller 0 2 0.008837342 -1
controller 1 1 0.0 -1
controller 2 1 0.0 -1
segment 6 8 1.3719084 5.0 0.5 0.2 1.0 0.9862965 0.948128
sensor -0.76604444 0.64278764 3.0 1.7 0
controller 0 1 0.0 -1
controller 1 1 0.0 -1
controller 2 2 0.9160764 -1
segment 9 6 1.118135 5.0 0.5 0.2 1.0 0.27966768 0.948128
sensor -0.76604444 0.64278764 3.0 1.7 0
controller 0 1 0.0 -1
controller 1 1 0.0 -1
controller 2 2 0.9160764 -1
segment 7 0 0.86728334 5.0 0.5 0.029602682 0.3176961 0.6862779 0.5247837
sensor -0.76604444 0.64278764 3.0 1.0712199 0
controller 0 1 0.0 -1
controller 1 1 0.0 -1
controller 2 1 0.0 -1
creature_end
creature_start 11 15
color 255.0 0.0 0.0
phase 0.49724668
ids 10483 0 104915
carnivore true
point 25.885067 2.0656197 1.0 false false true
point 25.46127 1.4939338 1.0 false false false
point 26.152683 3.1703339 1.0 false true false
point 27.261024 1.3506451 1.0 false false false
point 25.95492 1.0486767 1.0 false false false
point 26.44907 2.3531818 1.0 false false false
point 25.92087 0.63305175 1.0 false false false
point 26.02807 3.7535498 1.0 false false false
point 25.980785 1.1390489 1.0 false false false
point 25.351646 0.7281694 1.0 false false false
point 24.625296 1.1291537 1.0 false false false
segment 6 0 1.3153319 5.0 0.5 0.2 1.0 0.6982831 0.948128
sensor -0.76604444 0.64278764 3.0 1.7 0
controller 0 1 0.0 -1
controller 1 1 0.0 -1
controller 2 2 0.11246014 -1
segment 0 1 0.75845855 5.0 0.5 0.1452783 0.3176961 0.08304138 0.0
sensor -0.76604444 0.64278764 3.0 1.9447522 0
controller 0 1 0.0 -1
controller 1 1 0.0 -1
controller 2 1 0.0 -1
segment 0 2 1.2689388 5.0 0.5 0.1452783 1.0 0.4289354 1.0
sensor -0.76604444 -0.64278764 3.0 1.0712199 0
controller 0 1 0.0 -1
controller 1 1 0.0 -1
controller 2 1 0.0 -1
segment 2 7 0.5373717 5.0 0.5 0.07022381 0.21067828 0.36542282 0.0
sensor -0.76604444 0.64278764 3.0 1.0712199 0
controller 0 1 0.0 -1
controller 1 1 0.0 -1
controller 2 1 0.0 -1
segment 1 4 0.72358024 5.0 0.5 0.1452783 0.3176961 0.9748034 0.0
sensor -0.76604444 -0.64278764 3.0 1.0712199 1
controller 0 1 0.0 -1
controller 1 1 0.0 -1
controller 2 1 0.0 -1
segment 3 4 1.188535 5.0 0.5 0.1452783 0.3176961 0.39826426 0.0
sensor -0.76604444 0.64278764 3.0 1.0712199 0
controller 0 1 0.0 -1
controller 1 1 0.0 -1
controller 2 1 0.0 -1
segment 3 6 1.3310516 5.0 0.5 0.1452783 0.96957415 0.39826426 0.0
sensor -0.76604444 -0.64278764 3.0 1.0712199 0
controller 0 1 0.0 -1
controller 1 1 0.0 -1
controller 2 2 0.9160764 -1
segment 3 5 1.3584723 5.0 0.5 0.1452783 0.41698468 0.91384125 0.0
sensor -0.76604444 -0.64278764 3.0 1.0712199 0
controller 0 1 0.0 -1
controller 1 1 0.0 -1
controller 2 1 0.0 -1
segment 4 5 1.3459255 5.0 0.5 0.1452783 0.3176961 0.39826426 0.0
sensor -0.76604444 0.64278764 3.0 1.0712199 0
controller 0 2 0.008837342 -1
controller 1 1 0.0 -1
controller 2 1 0.0 -1
segment 5 7 1.3719084 5.0 0.5 0.2 0.95676523 0.6982831 0.948128
sensor -0.76604444 0.64278764 3.0 1.7 0
controller 0 1 0.0 -1
controller 1 1 0.0 -1
controller 2 1 0.0 -1
segment 8 5 1.118135 5.0 0.5 0.2 1.0 0.9916544 0.948128
sensor -0.76604444 0.64278764 3.0 1.7 0
controller 0 1 0.0 -1
controller 1 1 0.0 -1
controller 2 2 0.9160764 -1
segment 9 1 0.885269 5.0 0.5 0.1452783 0.3176961 0.9748034 0.0
sensor -0.76604444 0.64278764 3.0 1.0712199 0
controller 0 1 0.0 -1
controller 1 1 0.0 -1
controller 2 1 0.0 -1
segment 9 4 0.885269 5.0 0.5 0.1452783 0.3176961 0.9748034 0.0
sensor -0.76604444 -0.64278764 3.0 1.0712199 0
controller 0 1 0.0 -1
controller 1 1 0.0 -1
controller 2 1 0.0 -1
segment 9 10 1.0203786 5.0 0.5 0.1452783 0.3176961 0.9748034 0.0
sensor -0.76604444 0.64278764 3.0 1.9447522 0
controller 0 1 0.0 -1
controller 1 1 0.0 -1
controller 2 1 0.0 -1
segment 1 10 1.0203786 5.0 0.5 0.1452783 0.3176961 0.9748034 0.0
sensor -0.76604444 -0.64278764 3.0 1.9447522 0
controller 0 1 0.0 -1
controller 1 1 0.0 -1
controller 2 1 0.0 -1
creature_end
creature_start 11 14
color 0.0 0.0 255.0
phase 0.23153904
ids 10460 0 104916
carnivore false
point 32.346123 11.254879 1.0 false false false
point 33.69064 12.032446 1.0 false false true
point 33.07894 12.47034 1.0 false false false
point 34.566242 12.975436 1.0 false true false
point 32.747654 11.607407 1.0 false false false
point 32.29418 12.833414 1.0 false false false
point 33.697357 12.300835 1.0 false false false
point 31.706028 10.712125 1.0 false false false
point 34.89556 13.410429 1.0 false false false
point 32.67061 12.19196 1.0 false false false
point 32.78548 11.538754 1.0 false false false
segment 0 1 1.3153319 5.0 0.5 0.2 1.0 0.1303034 0.948128
sensor -0.76604444 0.64278764 3.0 1.7 0
controller 0 1 0.0 -1
controller 1 1 0.0 -1
controller 2 2 0.11246014 -1
segment 1 2 0.75845855 5.0 0.5 0.1452783 0.3176961 0.51506174 0.0
sensor -0.76604444 0.64278764 3.0 1.9447522 0
controller 0 1 0.0 -1
controller 1 1 0.0 -1
controller 2 1 0.0 -1
segment 1 3 1.2689388 5.0 0.5 0.1452783 0.3667977 0.8609558 1.0
sensor -0.76604444 -0.64278764 3.0 1.0712199 0
controller 0 1 0.0 -1
controller 1 1 0.0 -1
controller 2 1 0.0 -1
segment 2 4 0.86728334 5.0 0.5 0.029602682 0.3176961 0.9518332 0.0
sensor -0.76604444 0.64278764 3.0 1.0712199 0
controller 0 1 0.0 -1
controller 1 1 0.0 -1
controller 2 2 0.9160764 -1
segment 3 8 0.5373717 5.0 0.5 0.07022381 0.21067828 0.7974432 0.0
sensor -0.76604444 0.64278764 3.0 1.0712199 0
controller 0 1 0.0 -1
controller 1 1 0.0 -1
controller 2 1 0.0 -1
segment 2 5 0.72358024 5.0 0.5 0.1452783 0.3176961 0.6963825 0.0
sensor -0.76604444 -0.64278764 3.0 1.0712199 1
controller 0 1 0.0 -1
controller 1 1 0.0 -1
controller 2 1 0.0 -1
segment 4 5 1.188535 5.0 0.5 0.1452783 0.3176961 0.83028466 0.0
sensor -0.76604444 0.64278764 3.0 1.0712199 0
controller 0 1 0.0 -1
controller 1 1 0.0 -1
controller 2 1 0.0 -1
segment 4 7 1.3310516 5.0 0.5 0.1452783 0.96957415 0.83028466 0.0
sensor -0.76604444 -0.64278764 3.0 1.0712199 0
controller 0 1 0.0 -1
controller 1 1 0.0 -1
controller 2 2 0.9160764 -1
segment 4 6 1.3459255 5.0 0.5 0.1452783 0.41698468 0.3458616 0.0
sensor -0.76604444 -0.64278764 3.0 1.0712199 0
controller 0 1 0.0 -1
controller 1 1 0.0 -1
controller 2 1 0.0 -1
segment 5 6 1.3459255 5.0 0.5 0.1452783 0.3176961 0.83028466 0.0
sensor -0.76604444 0.64278764 3.0 1.0712199 0
controller 0 2 0.008837342 -1
controller 1 1 0.0 -1
controller 2 1 0.0 -1
segment 6 8 1.3719084 5.0 0.5 0.2 1.0 0.1303034 0.948128
sensor -0.76604444 0.64278764 3.0 1.7 0
controller 0 1 0.0 -1
controller 1 1 0.0 -1
controller 2 2 0.9160764 -1
segment 9 6 1.118135 5.0 0.5 0.2 1.0 0.42367464 0.948128
sensor -0.76604444 0.64278764 3.0 1.7 0
controller 0 1 0.0 -1
controller 1 1 0.0 -1
controller 2 2 0.9160764 -1
segment 7 0 0.86728334 5.0 0.5 0.029602682 0.3176961 0.83028466 0.5247837
sensor -0.76604444 0.64278764 3.0 1.0712199 0
controller 0 1 0.0 -1
controller 1 1 0.0 -1
controller 2 1 0.0 -1
segment 1 10 0.86728334 5.0 0.5 0.029602682 0.3176961 0.83028466 0.5247837
sensor -0.76604444 0.64278764 3.0 1.0712199 0
controller 0 1 0.0 -1
controller 1 1 0.0 -1
controller 2 1 0.0 -1
creature_end
creature_start 11 15
color 255.0 0.0 0.0
phase 0.44182974
ids 10474 0 104917
carnivore true
point 27.969112 30.047632 1.0 false false false
point 28.248257 28.912983 1.0 false false true
point 27.83781 29.535078 1.0 false false false
point 28.746946 27.811687 1.0 false true false
point 26.363516 28.527637 1.0 false false false
point 27.04145 29.538786 1.0 false false false
point 27.883905 28.672745 1.0 false false false
point 27.14063 29.657295 1.0 false false false
point 28.960537 28.302227 1.0 false false false
point 27.443277 30.348484 1.0 false false false
point 26.78781 30.199375 1.0 false false false
segment 0 1 1.3153319 5.0 0.5 0.2 1.0 0.51909184 0.948128
sensor -0.76604444 0.64278764 3.0 1.7 0
controller 0 1 0.0 -1
controller 1 1 0.0 -1
controller 2 2 0.11246014 -1
segment 1 2 0.75845855 5.0 0.5 0.1452783 0.3176961 0.9038504 0.0
sensor -0.76604444 0.64278764 3.0 1.9447522 0
controller 0 1 0.0 -1
controller 1 1 0.0 -1
controller 2 1 0.0 -1
segment 1 3 1.2689388 5.0 0.5 0.1452783 1.0 0.2497443 1.0
sensor -0.76604444 -0.64278764 3.0 1.0712199 0
controller 0 1 0.0 -1
controller 1 1 0.0 -1
controller 2 1 0.0 -1
segment 3 8 0.5373717 5.0 0.5 0.07022381 0.21067828 0.18623161 0.41325647
sensor -0.76604444 0.64278764 3.0 1.0712199 0
controller 0 1 0.0 -1
controller 1 1 0.0 -1
controller 2 1 0.0 -1
segment 2 5 0.72358024 5.0 0.5 0.1452783 0.3176961 0.7956122 0.0
sensor -0.76604444 -0.64278764 3.0 1.0712199 1
controller 0 1 0.0 -1
controller 1 1 0.0 -1
controller 2 1 0.0 -1
segment 4 5 1.188535 5.0 0.5 0.1452783 0.3176961 0.21907306 0.0
sensor -0.76604444 0.64278764 3.0 1.0712199 0
controller 0 1 0.0 -1
controller 1 1 0.0 -1
controller 2 1 0.0 -1
segment 4 7 1.3310516 5.0 0.5 0.1452783 0.96957415 0.21907306 0.0
sensor -0.76604444 -0.64278764 3.0 1.0712199 0
controller 0 1 0.0 -1
controller 1 1 0.0 -1
controller 2 2 0.9160764 -1
segment 4 6 1.3459255 5.0 0.5 0.1452783 0.41698468 0.7346501 0.0
sensor -0.76604444 -0.64278764 3.0 1.0712199 0
controller 0 1 0.0 -1
controller 1 1 0.0 -1
controller 2 1 0.0 -1
segment 5 6 1.3459255 5.0 0.5 0.1452783 0.3176961 0.21907306 0.0
sensor -0.76604444 0.64278764 3.0 1.0712199 0
controller 0 2 0.008837342 -1
controller 1 1 0.0 -1
controller 2 1 0.0 -1
segment 6 8 1.3719084 5.0 0.5 0.2 0.95676523 0.51909184 0.948128
sensor -0.76604444 0.64278764 3.0 1.7 0
controller 0 1 0.0 -1
controller 1 1 0.0 -1
controller 2 1 0.0 -1
segment 7 6 1.118135 5.0 0.5 0.2 1.0 0.81246316 0.948128
sensor -0.76604444 0.64278764 3.0 1.7 0
controller 0 1 0.0 -1
controller 1 1 0.0 -1
controller 2 2 0.9160764 -1
segment 9 2 0.885269 5.0 0.5 0.1452783 0.3176961 0.7956122 0.0
sensor -0.76604444 0.64278764 3.0 1.0712199 0
controller 0 1 0.0 -1
controller 1 1 0.0 -1
controller 2 2 -0.48563504 -1
segment 9 5 0.885269 5.0 0.5 0.1452783 0.3176961 0.7956122 0.0
sensor -0.76604444 -0.64278764 3.0 1.0712199 0
controller 0 1 0.0 -1
controller 1 1 0.0 -1
controller 2 1 0.0 -1
segment 9 10 0.6997931 5.0 0.5 0.13115606 0.3176961 0.7956122 0.0
sensor -0.76604444 -0.64278764 3.0 1.0712199 0
controller 0 1 0.0 -1
controller 1 1 0.0 -1
controller 2 1 0.0 -1
segment 5 10 0.6997931 5.0 0.5 0.1452783 0.3176961 0.7956122 0.0
sensor -0.76604444 0.64278764 3.0 1.0712199 0
controller 0 1 0.0 -1
controller 1 1 0.0 -1
controller 2 1 0.0 -1
creature_end
